# callgrind format
version: 1
creator: callgrind-3.13.0
pid: 15935
cmd:  ./mdriver -v -c -f /web/classes/Fall-2018/csci2021-010/ha/4/traces//expr-bal.rep -l
part: 1


desc: I1 cache: 32768 B, 64 B, 8-way associative
desc: D1 cache: 32768 B, 64 B, 8-way associative
desc: LL cache: 8388608 B, 64 B, 16-way associative

desc: Timerange: Basic block 0 - 46183
desc: Trigger: Program termination

positions: line
events: Ir Dr Dw I1mr D1mr D1mw ILmr DLmr DLmw
summary: 213477 52872 14156 1070 2722 666 1058 2132 587


ob=(4) /usr/lib/valgrind/vgpreload_core-amd64-linux.so
fl=(79) ???
fn=(296) 0x0000000000000640
0 17 3 2 3 0 0 3

ob=(3) /lib/x86_64-linux-gnu/libc-2.27.so
fl=(112) /build/glibc-OTsEL5/glibc-2.27/debug/printf_chk.c
fn=(432) __printf_chk
26 30 2 16 2 0 0 2
+4 34 16 6 2 2 0 2
+1 4
+1 4 2 2
+2 2
+1 6 2 0 1 0 0 1
-1 10 0 8
+1 2 0 2
cfi=(113) /build/glibc-OTsEL5/glibc-2.27/stdio-common/vfprintf.c
cfn=(434) vfprintf
calls=2 1244 
* 1745 356 284 66 13 8 66 4 2
+3 2
-3 2
+3 2
+1 4 2 2
fi=(118) /build/glibc-OTsEL5/glibc-2.27/debug/../libio/libioP.h
805 2 0 2
+1 4 2 0 1 0 0 1
+1 16 4 6
fe=(112)
43 18 12 0 1 0 0 1

fl=(102) /build/glibc-OTsEL5/glibc-2.27/elf/dl-addr.c
fn=(380) _dl_addr
126 9 0 6 2 0 0 2
+2 1
-2 1
+5 1 1
-5 1 0 1
+5 2 1 1 0 1
cob=(1) /lib/x86_64-linux-gnu/ld-2.27.so
cfi=(2) /build/glibc-OTsEL5/glibc-2.27/elf/rtld.c
cfn=(52) rtld_lock_default_lock_recursive
calls=1 784 
* 2 1 1 0 0 1
+2 2 0 1
cob=(1)
cfi=(103) /build/glibc-OTsEL5/glibc-2.27/elf/../sysdeps/x86_64/dl-trampoline.h
cfn=(388) _dl_runtime_resolve_xsave
calls=1 -62 
* 1117 350 136 13 11 9 12 3
* 5 3 2 2 2 0 1
+2 3
30 1 1
+1 1 1 0 1 0 0 1
-1 1 0 1
+1 1 0 1
+3 2 1
+5 1 1
+6 1 1 0 0 1
-7 1 1
+2 3 2 1
+2 3 2 1
+3 1 0 0 1 0 0 1
+5 7 2
-6 2
+6 4043
+2 1010 1010 0 0 58 0 0 9
+1 2020
-1 1 1 0 1 0 0 1
+1 2
+2 3664 916
+9 2052 656 0 0 89 0 0 74
+7 28
-2 28
+2 2353 28 0 0 1
-2 2297
+2 6003 2297 0 0 133 0 0 70
-10 11625 2325 0 1 484 0 1 430
+2 9300 2325
+1 14806 4644 0 1 288 0 1 259
+36 2
+1 1 0 1 0 0 1
+1 3 1 0 1 1 0 1
+3 2
+36 2 1 1 0 1
cob=(1)
cfi=(2)
cfn=(54) rtld_lock_default_unlock_recursive
calls=1 790 
* 2 1 1 0 0 1
+3 9 7 0 0 1
-27 1 0 1 1 0 0 1
+1 1 0 1
+20 2

fl=(90) /build/glibc-OTsEL5/glibc-2.27/stdlib/cxa_atexit.c
fn=(330) __cxa_atexit
65 7 0 4 1 0 0 1
-26 2 0 0 1 0 0 1
+26 1
-26 5 1 1 0 1 1 0 1 1
+1 2 0 1 1 0 0 1
cfn=(332) __new_exitfn
calls=1 +44 
* 29 7 6 5 3 0 5
+2 2
+7 2 1
+3 1 0 1
-1 1 0 1
+2 1 0 1
+1 1 0 1
+1 4 1 1 1 0 0 1
+1 1
+11 6 5

fn=(332)
84 2 1 0 1 1 0 1
-6 2 0 2
+1 2
-1 1
+11 5 1 0 1 1 0 1
+2 3 1 0 0 1
-2 1 1 0 1 0 0 1
+10 2 0 1
-10 2
+45 1 0 1 1 0 0 1
+1 1 0 1
+4 4 3
-19 1 0 0 1 0 0 1
+1 2 0 1

fl=(101) /build/glibc-OTsEL5/glibc-2.27/malloc/arena.c
fn=(378) ptmalloc_init.part.0
289 2 0 1 1 0 0 1
+5 1 0 1
-5 3 1 1
+13 2 1 0 1 0 0 1
+6 1
fi=(99) /build/glibc-OTsEL5/glibc-2.27/malloc/malloc.c
1816 2
fe=(101)
308 12 6 2 1 3 1 1 2
fi=(99)
1816 13 0 0 1 0 0 1
+1 1
-1 3 0 0 1 0 0 1
+1 11 0 4 0 0 2 0 0 2
-1 390
+1 30
-1 90
+1 331 0 120 0 0 30 0 0 30
fe=(101)
313 1 0 0 1 0 0 1
fi=(99)
1825 1 0 1 0 0 1 0 0 1
fe=(101)
313 4 1 1
fi=(99)
1817 7 1 3 1 0 0 1
+11 1
-11 4 1 2 0 0 1
+9 1 0 1 0 0 1 0 0 1
fe=(101)
313 1
fi=(99)
1828 1 0 1
fe=(101)
313 1 0 1
cob=(1)
cfi=(103)
cfn=(388)
calls=1 71 
* 1027 328 133 2 62 21 0 2
* 5 3 2 1 2 0 1
+1 4 0 1 1 0 0 1
cob=(1)
cfi=(9) /build/glibc-OTsEL5/glibc-2.27/elf/dl-tunables.c
cfn=(26) __tunable_get_val
calls=1 +59 
* 18 4 1 0 1
* 1 1
+1 4 0 1
cob=(1)
cfi=(9)
cfn=(26)
calls=1 +58 
* 19 4 1 0 2
* 1 1
+1 4 0 1
cob=(1)
cfi=(9)
cfn=(26)
calls=1 +57 
* 18 4 1 0 1
* 1 1
+1 4 0 1 1 0 0 1
cob=(1)
cfi=(9)
cfn=(26)
calls=1 +56 
* 18 4 1 0 1
* 1 1
+1 4 0 1
cob=(1)
cfi=(9)
cfn=(26)
calls=1 +55 
* 19 4 1 0 1
* 1 1
+1 4 0 1
cob=(1)
cfi=(9)
cfn=(26)
calls=1 +54 
* 18 4 1 0 1
* 1 1
+1 4 0 1 1 0 0 1
cob=(1)
cfi=(9)
cfn=(26)
calls=1 +53 
* 18 4 1 0 2
* 1 1
+2 4 0 1
cob=(1)
cfi=(9)
cfn=(26)
calls=1 +51 
* 18 4 1 0 1
* 1 1
+1 4 0 1
cob=(1)
cfi=(9)
cfn=(26)
calls=1 +50 
* 18 4 1
* 1 1
+1 4 0 1
cob=(1)
cfi=(9)
cfn=(26)
calls=1 +49 
* 18 4 1 0 2
* 1 1
+71 2 2 0 0 2 0 0 1
+1 2
+4 2 2 0 0 1
-1 1 0 1 0 0 1
+1 4 2
-97 5 0 1 2 0 0 2
cfi=(102)
cfn=(380)
calls=1 126 
* 60426 14580 157 24 1071 12 22 845
* 2
+1 4 2

fl=(116) /build/glibc-OTsEL5/glibc-2.27/libio/filedoalloc.c
fn=(446) _IO_file_doallocate
78 8 1 4 1 0 0 1
+6 4 2
fi=(124) /build/glibc-OTsEL5/glibc-2.27/libio/libioP.h
870 3 0 0 1 0 0 1
+2 2
+1 2
fe=(116)
84 3 1 1 0 0 1
cfi=(114) /build/glibc-OTsEL5/glibc-2.27/libio/fileops.c
cfn=(448) _IO_file_stat
calls=1 1169 
* 14 2 0 3 0 0 3
* 2
+2 4 1 0 0 1
+11 4 1 0 1 0 0 1
+4 2 0 1
cob=(2) ???
cfi=(18) ???
cfn=(422) 0x0000000004c4d2c0
calls=1 0 
* 202 33 30 2 0 4 2 0 1
* 1
+2 1
-1 2
+2 4 0 1
cfi=(115) /build/glibc-OTsEL5/glibc-2.27/libio/genops.c
cfn=(452) _IO_setb
calls=1 347 
* 18 4 4 2 0 0 2
+1 1
+1 8 6 0 1 0 0 1

fl=(121) /build/glibc-OTsEL5/glibc-2.27/debug/strcpy_chk.c
fn=(480) __strcpy_chk
27 5 0 3 1 0 0 1
+1 1
-1 1
+1 1 0 1 1 0 0 1
cfi=(97) /build/glibc-OTsEL5/glibc-2.27/string/../sysdeps/x86_64/multiarch/strlen-avx2.S
cfn=(366) __strlen_avx2
calls=1 +24 
* 23 3
* 1 1
+1 2
+3 3
+1 3 3
-1 1
cfi=(110) /build/glibc-OTsEL5/glibc-2.27/string/../sysdeps/x86_64/multiarch/memmove-vec-unaligned-erms.S
cfn=(426) __memcpy_avx_unaligned_erms
calls=1 217 
* 11 3 2
* 1 1

fl=(60) /build/glibc-OTsEL5/glibc-2.27/string/../sysdeps/x86_64/multiarch/ifunc-avx2.h
fn=(250) strlen
32 1 1 0 1 0 0 1
-2 1
+2 2 1
-2 3
fi=(125) /build/glibc-OTsEL5/glibc-2.27/string/../sysdeps/x86_64/multiarch/strlen.c
-1 1 1
fe=(60)

fn=(252) memrchr
32 1 1 0 1 0 0 1
-2 1
+2 2 1
-2 3
fi=(126) /build/glibc-OTsEL5/glibc-2.27/string/../sysdeps/x86_64/multiarch/memrchr.c
-1 1 1
fe=(60)

fn=(258) memchr
32 1 1 0 1 0 0 1
-2 1
+2 2 1
-2 3
fi=(127) /build/glibc-OTsEL5/glibc-2.27/string/../sysdeps/x86_64/multiarch/memchr.c
-1 1 1
fe=(60)

fn=(230) strnlen
32 2 2 0 1 0 0 1
-2 2
+2 4 2
-2 6 0 0 1 0 0 1
fi=(128) /build/glibc-OTsEL5/glibc-2.27/string/../sysdeps/x86_64/multiarch/strnlen.c
+1 2 2
fe=(60)

fn=(212) rawmemchr
32 1 1 0 1 0 0 1
-2 1
+2 2 1
-2 3
fi=(129) /build/glibc-OTsEL5/glibc-2.27/string/../sysdeps/x86_64/multiarch/rawmemchr.c
+1 1 1
fe=(60)

fn=(204) rindex
32 1 1
-2 1
+2 2 1 0 1 0 0 1
-2 3
fi=(130) /build/glibc-OTsEL5/glibc-2.27/string/../sysdeps/x86_64/multiarch/strrchr.c
-2 1 1
fe=(60)

fn=(268) strchrnul
32 1 1
-2 1
+2 2 1 0 1 0 0 1
-2 3
fi=(131) /build/glibc-OTsEL5/glibc-2.27/string/../sysdeps/x86_64/multiarch/strchrnul.c
+1 1 1
fe=(60)

fl=(63) /build/glibc-OTsEL5/glibc-2.27/elf/../sysdeps/unix/sysv/linux/dl-vdso.c
fn=(210) _dl_vdso_vsym
25 25 5 5 2 1 0 2
+1 10 10 0 0 1
+4 10
+18 30 15 0 1 0 0 1
-21 5 0 0 1 0 0 1
+20 5

fl=(98) /build/glibc-OTsEL5/glibc-2.27/string/../sysdeps/x86_64/multiarch/strchr-avx2.S
fn=(438) __strchrnul_avx2
45 5 0 0 1 0 0 1
+2 5
+1 5
+1 5
+2 5
+1 5
+1 5
+4 1 1
+1 1
+1 1
+1 1
+1 1
+1 1
+1 1 0 0 1 0 0 1
+11 4
+1 4
+1 4 4
+1 4
+1 4
+1 4
+1 4
+2 4
+1 4 0 0 1 0 0 1
+1 4
+2 4
+1 4
+2 4
+7 4
+1 4 4
+87 1 0 0 1 0 0 1
+2 1
+7 1
+1 1 1

fn=(370) __strchr_avx2
45 4 0 0 1 0 0 1
+2 4
+1 4
+1 4
+2 4
+1 4
+1 4
+4 4 4
+1 4 0 0 1 0 0 1
+1 4
+1 4
+1 4
+1 4
+1 4
184 4 0 0 1 0 0 1
+4 4
+1 4
+1 4 4
+1 4 0 0 1 0 0 1
+2 4
+1 4 4

fl=(58) /build/glibc-OTsEL5/glibc-2.27/string/../sysdeps/x86_64/multiarch/ifunc-strcasecmp.h
fn=(234) strncasecmp
32 5 2
fi=(71) /build/glibc-OTsEL5/glibc-2.27/string/../sysdeps/x86_64/multiarch/strncase.c
-1 1 1 0 1 0 0 1
fe=(58)

fn=(198) strcasecmp
32 5 2 0 1 0 0 1
fi=(59) /build/glibc-OTsEL5/glibc-2.27/string/../sysdeps/x86_64/multiarch/strcasecmp.c
-1 1 1 0 1 0 0 1
fe=(58)

fn=(254) strcasecmp_l
32 5 2 0 1 0 0 1
fi=(75) /build/glibc-OTsEL5/glibc-2.27/string/../sysdeps/x86_64/multiarch/strcasecmp_l.c
-1 1 1
fe=(58)

fn=(270) strncasecmp_l
32 5 2 0 1 0 0 1
fi=(76) /build/glibc-OTsEL5/glibc-2.27/string/../sysdeps/x86_64/multiarch/strncase_l.c
-1 1 1 0 1 0 0 1
fe=(58)

fl=(106) /build/glibc-OTsEL5/glibc-2.27/malloc/morecore.c
fn=(412) __default_morecore
46 2 0 0 1 0 0 1
+1 2 0 2
cfi=(107) /build/glibc-OTsEL5/glibc-2.27/misc/sbrk.c
cfn=(414) sbrk
calls=2 -15 
* 72 18 10 5 3 0 5
+2 6
+3 4 2

fl=(84) /build/glibc-OTsEL5/glibc-2.27/string/../sysdeps/x86_64/multiarch/strrchr-avx2.S
fn=(312) __strrchr_avx2
43 1 0 0 1 0 0 1
+1 1
+2 1
+1 1
+3 1
+1 1
+1 1
+2 1 1 0 0 1 0 0 1
+1 1
+1 1
+1 1
+1 1
+1 1
+2 1
+1 1
+12 1 0 0 1 0 0 1
+1 1
216 1 0 0 1 0 0 1
+1 1
+1 1
+1 1
+1 1
+2 1
+1 1
+1 1
+1 1
+1 1 1

fl=(77) /build/glibc-OTsEL5/glibc-2.27/time/../sysdeps/unix/sysv/linux/x86/gettimeofday.c
fn=(274) gettimeofday
42 4 0 0 1 0 0 1
fi=(62) /build/glibc-OTsEL5/glibc-2.27/time/../sysdeps/generic/dl-hash.h
+2 2
+1 2
fe=(77)
-3 6 0 4 1 0 0 1
fi=(62)
+1 2
+5 6
+14 8
-17 6 2
+3 18
+14 24
-17 18 6
+22 2
fe=(77)
-25 12 0 4 1 0 0 1
cfi=(63)
cfn=(210)
calls=2 -17 
* 34 12 2
* 10 2

fl=(73) /build/glibc-OTsEL5/glibc-2.27/wcsmbs/../sysdeps/x86_64/multiarch/ifunc-wmemset.h
fn=(244) wmemset
32 4 4 0 1 0 0 1
-2 2
+2 4
-2 4
+5 2
-1 8 0 0 1 0 0 1
fi=(132) /build/glibc-OTsEL5/glibc-2.27/wcsmbs/../sysdeps/x86_64/multiarch/wmemset.c
-3 2 2
fe=(73)

fl=(85) /build/glibc-OTsEL5/glibc-2.27/ctype/ctype-info.c
fn=(314) __ctype_init
31 5 5 0 2 2 0 2
+2 1 1
+2 1 1
-4 1
+4 1
-4 1 0 1
+2 3 1 1 0 1
+2 2 1 1
+1 1 1

fl=(93) /build/glibc-OTsEL5/glibc-2.27/setjmp/sigjmp.c
fn=(350) __sigjmp_save
29 1
-1 2 0 1
+1 2 0 1
+5 3 2

fl=(69) /build/glibc-OTsEL5/glibc-2.27/string/../sysdeps/x86_64/multiarch/ifunc-memset.h
fn=(226) memset
42 10 4 0 1 0 0 1
+4 4
-1 8 2
+12 4
+2 10 2 0 1 0 0 1

fl=(83) /build/glibc-OTsEL5/glibc-2.27/misc/init-misc.c
fn=(308) __init_misc
31 2 0 0 1 0 0 1
-1 3 0 2
+1 4 1 0 1 0 0 1
+2 3 0 1
cfi=(84)
cfn=(312)
calls=1 +10 
* 27 2 0 3 1 0 3 1
* 1 1 0 1 0 0 1
+4 5 1 1 0 1 1
+1 3 2 1
+2 4 3

fl=(109) /build/glibc-OTsEL5/glibc-2.27/string/strdup.c
fn=(420) strdup
40 4 0 2 1 0 0 1
+1 1 0 1
cfi=(97)
cfn=(366)
calls=1 +11 
* 28 4 0 2 2 0 2
* 1 1
* 1
+1 2 0 1
cob=(2)
cfi=(18)
cfn=(422)
calls=1 -42 
* 220 36 29 1 1 1 1 0 1
+2 2
+4 1 0 0 1 0 0 1
-1 2
+1 2 2
-1 2
cfi=(110)
cfn=(426)
calls=1 217 
* 11 3 2 1 0 1 1 0 1
* 1 1 0 1 1 0 1

fl=(64) /build/glibc-OTsEL5/glibc-2.27/wcsmbs/../sysdeps/x86_64/multiarch/ifunc-avx2.h
fn=(214) wmemchr
32 2 2 0 1 0 0 1
-2 2
+2 4 2
-2 6
fi=(133) /build/glibc-OTsEL5/glibc-2.27/wcsmbs/../sysdeps/x86_64/multiarch/wmemchr.c
+1 2 2
fe=(64)

fn=(228) wcschr
32 2 2 0 1 0 0 1
-2 2
+2 4 2 0 1 0 0 1
-2 6
fi=(134) /build/glibc-OTsEL5/glibc-2.27/wcsmbs/../sysdeps/x86_64/multiarch/wcschr.c
+1 2 2
fe=(64)

fn=(260) wcslen
32 1 1 0 1 0 0 1
-2 1
+2 2 1 0 1 0 0 1
-2 3
fi=(135) /build/glibc-OTsEL5/glibc-2.27/wcsmbs/../sysdeps/x86_64/multiarch/wcslen.c
-1 1 1
fe=(64)

fl=(67) /build/glibc-OTsEL5/glibc-2.27/string/../sysdeps/x86_64/multiarch/strncmp.c
fn=(222) strncmp
38 4 2 0 1 0 0 1
+1 3 1
+9 1 1

fl=(74) /build/glibc-OTsEL5/glibc-2.27/string/../sysdeps/x86_64/multiarch/strchr.c
fn=(248) index
40 2 2 0 1 0 0 1
-2 1
+2 2
-2 2
+11 1 1

fl=(96) /build/glibc-OTsEL5/glibc-2.27/stdlib/getenv.c
fn=(362) getenv
34 8 0 6 1 0 0 1
+1 1 0 1
cfi=(97)
cfn=(366)
calls=1 +17 
* 19 2 0 2 1 0 2 1
* 1 1 0 1 0 0 1
* 1
+4 7 3 0 1 0 0 1
+3 3 2 0 0 1
+49 9 7
-24 1 1 0 1 0 0 1
+6 1
+2 1
-3 1
+3 197 49 0 0 6
+9 98 49 0 1 27 0 1

fl=(91) /build/glibc-OTsEL5/glibc-2.27/setjmp/../sysdeps/x86_64/bsd-_setjmp.S
fn=(346) _setjmp
30 1 0 0 1 0 0 1
+2 1
cfi=(92) /build/glibc-OTsEL5/glibc-2.27/setjmp/../sysdeps/x86_64/setjmp.S
cfn=(348) __sigsetjmp
calls=1 -6 
* 27 6 10 3 0 0 3

fl=(100) /build/glibc-OTsEL5/glibc-2.27/malloc/hooks.c
fn=(376) realloc_hook_ini
37 9 0 6 1 0 0 1
+1 1 1
fi=(101)
291 1 1 0 0 1 0 0 1
fe=(100)
39 1 1
-1 2 0 1 1 0 0 1
fi=(101)
291 1
fe=(100)
39 1 0 1
fi=(101)
291 1
fi=(99)
3142 6
+7 2
fe=(100)
42 1 0 1 1 0 0 1
cfi=(101)
cfn=(378)
calls=1 289 
* 62626 14980 453 39 1153 70 35 850 34
* 1 1 0 0 1
fi=(99)
3138 2
fe=(100)
42 1 0 0 1 0 0 1
fi=(99)
3150 1
fe=(100)
42 6 6 0 0 1
fi=(99)
3150 1
cfn=(404) malloc
calls=1 3028 
* 725 120 169 61 12 10 61 2 10
fe=(100)

fl=(97)
fn=(366)
52 7 0 0 1 0 0 1
+1 7
+1 7
+3 7
+1 7
+1 7
+3 2 2
+1 2
+1 2
+8 2
+4 1
+1 1
+1 1
+9 1
+4 5 0 0 1 0 0 1
+1 5
+1 5 5 0 0 2 0 0 1
+1 5
+2 5
+1 5
+1 5
+1 3
+6 3
+1 3
+1 3
+4 3
+1 3 3
+16 2
+10 2 2 0 0 2 0 0 1
+1 2
+1 2
+1 2 0 0 1 0 0 1
-3 1 1
+1 1
+1 1
+1 1
+2 1 1
+1 1
+1 1
+1 1
332 3
+1 3
+1 3
+4 3
+1 3 3
+4 1 0 0 1 0 0 1
+1 1
+1 1
+1 1
+4 1
+1 1 1

fl=(86) /build/glibc-OTsEL5/glibc-2.27/string/../sysdeps/x86/cacheinfo.c
fn=(316) init_cacheinfo
488 7 0 6 1 0 0 1
+14 6 4 0 1 1 0 1
758 2 0 0 1 0 0 1
+2 1
+1 1 0 1 0 0 1 0 0 1
+2 1
-3 1
+5 1 0 1
-5 1 0 1
+4 3 0 1
+4 2
+3 2
+2 1
+1 1 0 1 1 0 1 1 0 1
+2 1
-3 1
+5 1 0 1
-5 1 0 1
+4 3 0 1
+9 1 1
+2 8 1
-2 1 0 1 0 0 1 0 0 1
+3 8 7
500 1 1 0 1 0 0 1
+4 1
-4 1 0 1
+4 1 0 1
cfn=(318) handle_intel.constprop.1
calls=1 259 
* 469 49 23 15 6 0 15 6
+2 1 0 0 1 0 0 1
-2 1
+2 1 0 1
cfn=(318)
calls=1 259 
* 515 49 23 1 0 0 1
+5 1
-5 1 0 1
+5 1 0 1
cfn=(318)
calls=1 259 
* 542 49 23
+8 1
-8 1
+8 1
+11 1
-20 1 0 1
+25 3 1
+4 2 1 0 1 0 0 1
+8 6
+3 2
+9 6
+14 2
+4 1
+3 1
+1 1
-4 1
+3 1
-3 1
+3 1
+6 8
-39 3
+3 9
+6 6
-6 3 0 0 1 0 0 1
+6 2
+3 20
+5 2
+4 1
+1 1
-1 3 0 0 1 0 0 1
691 4
+1 5
+4 2 0 0 1 0 0 1
+59 2
592 2 1 0 1 0 0 1
+8 1
+2 1 0 0 1 0 0 1
-2 6 1
+2 4
-2 1
+4 1
+23 2
-25 2
+2 6 0 0 1 0 0 1
+2 6
+3 2
+1 8
+2 4
+3 2
+5 1
+2 2
+1 1 0 0 1 0 0 1
-1 1
+2 1
-2 1
+1 2
+27 2
+1 1
+1 2
+2 1 1
-1 1
+1 1
-24 3 0 0 1 0 0 1
+4 2 1
+3 1
+2 4
+1 1
+5 2 0 0 1 0 0 1

fn=(320) intel_check_word.isra.0
132 12 0 0 1 0 0 1
+6 6
-10 18 0 12
+10 6
-10 6 0 6
+10 6
-10 6 0 6
+10 12
-10 6
+10 6
+2 6
-2 6
+2 18 0 0 1 0 0 1
250 12
140 24
+2 15
+2 30
+8 30
+51 24
+22 12 0 0 1 0 0 1
fi=(87) /build/glibc-OTsEL5/glibc-2.27/string/../bits/stdlib-bsearch.h
28 12
-1 24
+4 24
+1 12
fe=(86)
+87 24 12 0 0 1 0 0 1
fi=(87)
-88 138
+1 69
fe=(86)
+87 138 69 0 0 5 0 0 5
+3 81
fi=(87)
-93 252 0 0 1 0 0 1
+8 15
-8 36
fe=(86)
134 3 0 0 1 0 0 1
255 36 30
-91 9
+3 9
-6 13 0 0 1 0 0 1
+3 4
+9 4
+5 14
+1 10
+17 5
-32 15
+3 15
+4 14
+2 28
+2 14
+2 8
+4 3 0 0 1 0 0 1
+2 6
+2 3 0 0 1 0 0 1
+2 3
-2 3
+2 6
-2 3
+3 9
-2 12 0 0 1 0 0 1
+2 6
-24 2 0 0 1 0 0 1
+7 2
+2 4

fn=(318)
259 21 0 18 1 0 0 1
+2 3 3
-2 9 3 3
+5 9 3
+8 3 0 3
+1 3 0 3
-3 3 0 3 1 0 0 1
+5 12
+6 6
+5 3
-5 9 0 6
+5 3
+2 3
+1 3
-1 3 0 3 1 0 0 1
+5 18 0 3
cfn=(320)
calls=3 132 
* 1035 96 12 5 6 0 5 6
+2 6
+3 21 0 3 1 0 0 1
cfn=(320)
calls=3 132 
* 314 15 12 5 0 0 5
+2 6
+19 33 27 0 2 0 0 2

fl=(122) /build/glibc-OTsEL5/glibc-2.27/libio/iofopen.c
fn=(484) fopen@@GLIBC_2.2.5
88 5 0 4 1 0 0 1
-23 1
+23 2 0 0 1 0 0 1
-23 1 0 1
cob=(2)
cfi=(18)
cfn=(422)
calls=1 -65 
* 213 34 29 0 0 2 0 0 1
+2 3
+3 1
+2 4
-2 1 0 1 0 0 1 0 0 1
+2 3 0 1 1 0 0 1
cfi=(115)
cfn=(486) _IO_no_init
calls=1 590 
* 60 8 38 6 1 5 6 1 5
+1 1
+1 1
-1 1 0 1
+1 1 0 1
cfi=(114)
cfn=(490) _IO_new_file_init_internal
calls=1 +33 
* 99 28 28 12 1 0 12
+4 5 0 1
cfi=(114)
cfn=(494) _IO_file_fopen@@GLIBC_2.2.5
calls=1 214 
* 61 7 9 8 1 0 8 1

fl=(117) /build/glibc-OTsEL5/glibc-2.27/io/../sysdeps/unix/sysv/linux/wordsize-64/fxstat.c
fn=(450) _fxstat
34 1 0 0 1 0 0 1
-1 1
+1 1
+1 6 0 0 1 0 0 1
+4 1 1

fl=(92)
fn=(348)
26 1 0 1 1 0 0 1
+9 1
+1 2 1 0 1 0 0 1
+1 1 0 1
+4 1 0 1
+1 1 0 1
+1 1 0 1
+1 1 0 1
+1 1
+2 2 1
+2 1 0 1
+1 1 1
+1 1
+2 2 1
+2 1 0 1 1 0 0 1
+8 1
cfi=(93)
cfn=(350)
calls=1 -34 
* 8 2 2

fl=(61) /build/glibc-OTsEL5/glibc-2.27/time/../sysdeps/unix/sysv/linux/x86/time.c
fn=(206) time
43 2 0 0 1 0 0 1
fi=(62)
+1 1
+1 1
fe=(61)
-2 4 0 2
fi=(62)
+5 3
+14 4 0 0 1 0 0 1
-17 3 1 0 0 1 0 0 1
+3 9
+14 12
-17 9 3
+22 1
fe=(61)
-24 6 0 2
cfi=(63)
cfn=(210)
calls=1 -18 
* 17 6 1 4 2 0 4
* 5 1 0 1 0 0 1

fl=(65) /build/glibc-OTsEL5/glibc-2.27/string/../sysdeps/x86_64/multiarch/ifunc-memcmp.h
fn=(218) bcmp
33 5 3 0 1 0 0 1
-1 2
+2 2
+1 3
fi=(66) /build/glibc-OTsEL5/glibc-2.27/string/../sysdeps/x86_64/multiarch/memcmp.c
-6 1 1
fe=(65)

fl=(56) /build/glibc-OTsEL5/glibc-2.27/string/../sysdeps/x86_64/multiarch/ifunc-memmove.h
fn=(240) memcpy@@GLIBC_2.14
44 10 4 0 1 0 0 1
+4 4 0 0 1 0 0 1
-1 4
+12 4
+2 10 4 0 1 0 0 1

fn=(194) memmove
44 10 4 0 2 1 0 2
+4 4
-1 4
+12 4
+2 10 4 0 1 1 0 1

fn=(216) mempcpy
44 5 2 0 1 0 0 1
+4 2 0 0 1 0 0 1
-1 2
+12 2
+2 5 2 0 1 0 0 1

fl=(72) /build/glibc-OTsEL5/glibc-2.27/wcsmbs/../sysdeps/x86_64/multiarch/wcsnlen.c
fn=(242) wcsnlen
40 1 1 0 1 0 0 1
-2 1
+2 2 1
-2 2
+11 1 1

fl=(70) /build/glibc-OTsEL5/glibc-2.27/string/../sysdeps/x86_64/multiarch/ifunc-sse4_2.h
fn=(262) strspn
30 5 2 0 1 0 0 1
fi=(136) /build/glibc-OTsEL5/glibc-2.27/string/../sysdeps/x86_64/multiarch/strspn.c
-1 1 1
fe=(70)

fn=(246) strpbrk
30 5 2
fi=(137) /build/glibc-OTsEL5/glibc-2.27/string/../sysdeps/x86_64/multiarch/strpbrk.c
-1 1 1
fe=(70)

fn=(232) strcspn
30 5 2 0 2 0 0 2
fi=(138) /build/glibc-OTsEL5/glibc-2.27/string/../sysdeps/x86_64/multiarch/strcspn.c
-1 1 1
fe=(70)

fl=(120) /build/glibc-OTsEL5/glibc-2.27/debug/stpcpy_chk.c
fn=(476) __stpcpy_chk
28 6 0 4 1 0 0 1
+1 1
-1 2 0 0 1 0 0 1
+1 1 0 1
cfi=(97)
cfn=(366)
calls=1 +23 
* 15 2
* 1 1
+1 2
+3 5 0 1
cfi=(110)
cfn=(426)
calls=1 217 
* 15 2 1
* 1 1
+1 1
-1 1
+1 5 5

fl=(99)
fn=(404)
3028 15 0 10 1 0 0 1
+5 10 10 0 0 1
+1 10 0 0 1 0 0 1
+5 35
+3 5 5
-2 15 0 0 1 0 0 1
+2 15 5 0 0 1
+3 8 4
+10 20 5
+2 15 0 5 0 0 2
cfn=(408) _int_malloc
calls=5 3521 
* 819 116 131 7 0 8 7 0 3
+1 5
-1 5 0 0 1 0 0 1
+1 30 5
-19 20 0 0 1 0 0 1
-56 5 2 2 1 1 0 1
cfn=(406) tcache_init.part.4
calls=1 +3 
* 496 81 138 49 9 10 49 2 10
+62 3 2
+2 5 1
+1 3 1 0 1 0 0 1
-1 3
+1 9 3
+33 25 15

fn=(374) realloc
3130 7 0 6 1 0 0 1
+7 2 2 0 1 1 0 1
+1 2
+1 1 1 0 1 0 0 1
3249 7 6
3139 1
cfi=(100)
cfn=(376)
calls=1 37 
* 63389 15110 631 104 1168 80 100 853 44

fn=(406)
2986 1 1 0 1 0 0 1
-9 1 0 1
+9 9 2 1 1 1 0 1
+1 3 0 1
cfn=(408)
calls=1 3521 
* 389 74 60 45 8 2 45 2 2
+1 1
-1 1
+1 1 0 0 1 0 0 1
+8 4 1 1
+7 2
+2 1 1
+1 2
-1 1 0 1 1 0 0 1
+1 78 0 73 0 0 8 0 0 8
+3 2 2

fn=(410) sysmalloc
2274 8 0 6 1 0 0 1
+20 1 1
+11 1
-11 1 1
+11 1 0 0 1 0 0 1
+1 4 1 0 0 1 0 0 1
fi=(101)
535 1
fe=(99)
2321 2
fi=(101)
535 1
fe=(99)
2321 2 0 1
+66 1 1
+1 3 1
+10 1
-9 1 0 0 1 0 0 1
+9 3
+6 4 0 1 1 0 0 1
+3 3
2724 2 1 0 1 0 0 1
+1 1 0 1
+5 2 1
+3 2 1 0 1 0 0 1
+5 1
-3 1
+3 1
-2 1
+2 3
+1 1
-1 1
-1 1 0 1
+4 1
-3 2 0 1
+1 1 0 1 0 0 1 0 0 1
+2 1 0 0 1 0 0 1
+6 9 7 0 1 0 0 1
2460 3 1 0 1 0 0 1
+19 2
-11 1 1
+11 1 0 1
-11 1 0 0 1 0 0 1
+21 4 2 2 0 2
cfi=(106)
cfn=(412)
calls=1 46 
* 61 12 8 6 2 0 6
* 1
+1 1
+3 3 1
+3 4 2 0 1 0 0 1
+1 2
+46 2 1
+2 2 1
+6 1
-6 1 0 1
+6 1
-82 1 0 0 1 0 0 1
+10 2
+8 1
-8 1 0 1
+8 1
+67 4 1 0 2 0 0 2
+34 2
+6 3
+22 2 0 0 1 0 0 1
+1 5 1
+2 1
-2 1
+2 1
+1 4 2 2
cfi=(106)
cfn=(412)
calls=1 46 
* 25 8 4 0 1
+12 3 1 0 1 0 0 1
+48 1
+1 1
-2 1 0 1
+1 2
+12 1 0 0 1 0 0 1
-12 1 0 1 0 0 1 0 0 1
+1 1 0 1
+11 1
2544 2 0 1 1 0 0 1
-3 3 0 0 1 0 0 1
+99 2 2 0 1 0 0 1
+1 4 1

fn=(408)
3521 42 0 42 1 0 0 1
+32 7
-32 7
+32 63 0 0 1 0 0 1
+4 42 0 7 0 0 3
+24 14 7
+2 12
+3 4 4
+2 8 0 0 1 0 0 1
4131 63 49 0 1 0 0 1
3639 7 0 0 1 0 0 1
+62 34 0 11 2 0 1 2
+1 3 1
+20 7 7 0 1 0 0 1
-1 14
+1 7 7
-1 7
+1 14
-2 30 6 6
+6 18 0 12
+66 6 6
-40 12
3879 6 6
3731 6
+1 6
+20 12 0 12
+40 12 6 6
-60 12
-12 1
+6 3 0 2 1 0 0 1
+66 1 1 0 0 1
-40 2
3879 1 1
3731 1
+1 1
+20 2 0 2
+40 2 1 1
-60 2 0 0 1 0 0 1
-90 18 0 0 1 0 0 1
+2 6 6
-2 6
+2 12
+59 120 0 30 2 0 1 2
-62 78 0 30 1 0 0 1
3904 14 0 0 1 0 0 1
+2 4 1
+3 1 1
-3 1
+3 2
+68 14 7 0 1 0 0 1
+1 14
+1 14
+1 14 7
+1 14
+5 14
3720 2 0 1 1 0 0 1
3893 14 0 0 1 0 0 1
+97 21 0 0 1 0 0 1
+3 24 6
-3 18
+3 24 6
-3 12 0 0 1 0 0 1
+3 12 4
+97 7 7
+3 7
-2 14 7
+2 15 0 1
+17 3 1
1887 6 6 0 1 0 0 1
4103 6
1887 12 0 0 1 0 0 1
4125 3 0 1 1 0 0 1
cfn=(410)
calls=1 2274 
* 237 52 35 26 6 2 26 1 2
+1 1
-1 1
+1 1
1887 3 1 0 1 1 0 1 1
4095 6 0 0 1 0 0 1
+3 12
-3 6
+1 6
+2 18 0 0 1 0 0 1
+2 6
-2 12
-1 6 0 6
+1 12 0 6
+2 12 0 6 0 0 4 0 0 4

fn=(466) calloc
3379 1 0 0 1 0 0 1
-13 1 0 1
+15 1
-15 1 0 1
+13 1
-13 2 0 2 1 0 0 1
+10 1
-10 1 0 1
+10 1
+5 2
+8 2 2
+1 2
+12 3 2
+2 4 1 0 1 0 0 1
+10 1 1
+1 3 1
+21 3 0 1
cfn=(408)
calls=1 +85 
* 168 24 26 0 0 1 0 0 1
+2 1
-2 1
+2 4 1 0 1 0 0 1
+75 7 6
-75 5 0 0 1 0 0 1
+3 4 2 0 1 0 0 1
+28 1
+3 2
-14 1
+14 4 0 0 1 0 0 1
+11 1
+1 2
+1 2
+2 2
+8 1
-3 1 0 1
+1 1 0 1
+1 1 0 1 1 0 0 1
+1 1
+4 1
-2 1 0 1
+1 1 0 1
+1 1

fl=(57) /build/glibc-OTsEL5/glibc-2.27/string/../sysdeps/x86_64/multiarch/ifunc-unaligned-ssse3.h
fn=(264) stpncpy
33 4 2 0 1 0 0 1
+3 4 1
fi=(139) /build/glibc-OTsEL5/glibc-2.27/string/../sysdeps/x86_64/multiarch/stpncpy.c
-5 1 1
fe=(57)

fn=(202) strcat
33 4 2 0 1 0 0 1
+3 4 1
fi=(140) /build/glibc-OTsEL5/glibc-2.27/string/../sysdeps/x86_64/multiarch/strcat.c
-7 1 1
fe=(57)

fn=(196) strncpy
33 4 2 0 1 0 0 1
+3 4 1
fi=(141) /build/glibc-OTsEL5/glibc-2.27/string/../sysdeps/x86_64/multiarch/strncpy.c
-7 1 1
fe=(57)

fn=(266) stpcpy
33 4 2 0 1 0 0 1
+3 4 1
fi=(142) /build/glibc-OTsEL5/glibc-2.27/string/../sysdeps/x86_64/multiarch/stpcpy.c
-3 1 1
fe=(57)

fn=(238) strcpy
33 4 2
+3 4 1
fi=(143) /build/glibc-OTsEL5/glibc-2.27/string/../sysdeps/x86_64/multiarch/strcpy.c
-7 1 1
fe=(57)

fl=(110)
fn=(460) __mempcpy_avx_unaligned_erms
204 7 0 0 1 0 0 1
+1 7
+1 7
+13 7
+1 7
+44 7 0 0 1 0 0 1
+1 7
+2 6
+1 6
+1 4
+1 4
+1 3
+1 3
+1 3
+1 3 3
+1 3 0 3
+2 3 3
+14 1 1
+1 1 1
+1 1 0 1 0 0 1 0 0 1
+1 1 0 1
+1 1 1
+4 2 2
+1 2 2
+1 2 0 2
+1 2 0 2
+1 2 2
+3 1 1 0 1 0 0 1
+1 1 1
+1 1 0 1
+1 1 0 1
+1 1 1

fn=(426)
217 3 0 0 1 0 0 1
+2 3
+1 3
+1 2
+1 2
+3 2 2
+1 2 2
+1 2 0 2 0 0 1 0 0 1
+1 2 0 2
+2 2
+1 2 2
+33 1
+1 1
+2 1
+1 1
+1 1
+1 1
+1 1
+1 1
+1 1
+1 1 1
+1 1 0 1
+2 1 1

fl=(114)
fn=(490)
107 2 0 2 1 0 0 1
+4 1
-4 2
+5 1 0 1
-1 1 0 1
+3 1 0 1
cfi=(115)
cfn=(492) _IO_link_in
calls=1 -27 
* 86 25 22 11 1 0 11
+1 1 0 1
+1 4 3

fn=(442) _IO_file_overflow@@GLIBC_2.2.5
747 3 1 0 1 0 0 1
+7 1
-8 6 1 3
+8 1
+35 2
-32 2 0 0 1 0 0 1
+12 2 0 0 1 0 0 1
+9 4 2
+8 1 1
-4 1 0 1
+3 2
-2 2 0 2
-3 1 0 1
+1 2 0 1
+5 1
-1 1 0 1
+1 3 0 0 1 0 0 1
+4 1
+1 1
+11 3 3
-12 1
cfn=(454) _IO_do_write@@GLIBC_2.2.5
calls=1 433 
* 4 1 0 1 0 0 1
-31 2 0 1 1 0 0 1
cfi=(115)
cfn=(444) _IO_doallocbuf
calls=1 362 
* 310 59 45 13 2 6 13 0 1
+1 6 2 3

fn=(494)
214 10 1 6 2 0 0 2
+9 2 1
+2 4 1 0 0 1 0 0 1
+23 14 2 0 2 0 0 2
+33 1
-96 1
+1 2
-1 1 0 0 1 0 0 1
+4 1 0 1
cfi=(123) /build/glibc-OTsEL5/glibc-2.27/io/../sysdeps/unix/sysv/linux/open64.c
cfn=(496) open
calls=1 36 
* 21 2 2 2 0 0 2
+40 1 0 0 1 0 0 1
-1 1
-13 2

fn=(440) _IO_file_xsputn@@GLIBC_2.2.5
1220 32 0 32 1 0 0 1
+7 8
-7 24 0 16 1 0 0 1
+6 40
+7 40 16 0 0 1 0 0 1
+17 24 8
+1 7
+3 28
+4 7
+2 21
-1 7
+1 7
-2 7 0 7
cfi=(110)
cfn=(460)
calls=7 204 
* 107 18 11 3 0 1 3 0 1
* 7 7 0 1 1 0 1
* 7 0 7
+4 14
+18 14
+10 72 56
-40 1 0 0 1 0 0 1
+16 1 1 0 1 0 0 1
fi=(124)
870 3
+2 2
+1 2
fe=(114)
1266 3 1 1 0 1 1
cfn=(442)
calls=1 747 
* 363 70 58 19 2 6 19 0 1
* 2
+6 2 2
+1 7 0 0 1 0 0 1
+2 2
+11 3
+1 4 0 1
cfi=(115)
cfn=(456) _IO_default_xsputn
calls=1 392 
* 95 19 17 5 0 0 5
* 3

fn=(448)
1169 1 0 0 1 0 0 1
+1 3 1
cfi=(117)
cfn=(450)
calls=1 34 
* 10 1 0 2 0 0 2

fn=(454)
433 3 0 0 1 0 0 1
+1 1 1

fl=(80) /build/glibc-OTsEL5/glibc-2.27/csu/../csu/init-first.c
fn=(302) _init
52 8 0 4 1 0 0 1
+3 3 1 0 1 1 0 1
+14 1 1
fi=(81) /build/glibc-OTsEL5/glibc-2.27/csu/../sysdeps/generic/dl-hash.h
-25 1
fe=(80)
+23 1 0 1 0 0 1 0 0 1
+1 1 0 1
fi=(81)
-23 1
fe=(80)
+24 1 0 1 0 0 1 0 0 1
fi=(82) /build/glibc-OTsEL5/glibc-2.27/csu/../sysdeps/unix/sysv/linux/x86_64/init-first.c
-33 4 0 2 1 0 0 1
fi=(81)
+7 1
+5 3
+14 4
-17 3 1
+3 9
+14 12
-17 9 3
+22 1
fi=(82)
-31 2 0 0 1 0 0 1
+2 2
-2 1 0 1
+2 2 0 1
cfi=(63)
cfn=(210)
calls=1 -13 
* 17 6 1
+2 1
+4 1
-4 1
+4 1
-4 1
+1 2 1 0 1 0 0 1
+1 1 0 1 0 0 1 0 0 1
+2 1 0 1
cfi=(63)
cfn=(210)
calls=1 -19 
* 17 6 1
fe=(80)
+37 3
fi=(82)
-36 2 1
+1 1 0 1
fe=(80)
+35 1 0 1
cfi=(83)
cfn=(308)
calls=1 -50 
* 52 10 5 6 2 1 6 1
+3 1 0 1
cfi=(85)
cfn=(314)
calls=1 -53 
* 16 10 3 2 3 0 2
+5 6 5
-27 1 1 0 1 1 0 1
-7 1 0 1
+7 4 3 0 0 1

fl=(68) /build/glibc-OTsEL5/glibc-2.27/string/../sysdeps/x86_64/multiarch/strcmp.c
fn=(224) strcmp
38 4 2 0 1 0 0 1
+3 4 1
+6 1 1

fl=(115)
fn=(452)
347 3 0 1 1 0 0 1
+1 4 2
+3 1 0 1
+2 4 0 0 1 0 0 1
-3 1 0 1
+3 2 0 1
+3 3 2

fn=(486)
590 9 0 4 1 0 0 1
+1 1 0 1
cfn=(488) _IO_old_init
calls=1 -30 
* 27 3 18 3 1 3 3 1 3
+2 1
-1 1 0 1
+1 1
+2 1 0 1 1 0 0 1
+1 1 0 1 0 0 1 0 0 1
+1 1 0 1
+1 1 0 1
+1 1 0 1
+1 1 0 1
+1 1 0 1
+1 1 0 1
+1 1 0 1 1 0 0 1
+1 1 0 1
+1 1 0 1
+1 1 0 1 0 0 1 0 0 1
+2 1 0 1
+6 1 0 1
+1 6 5

fn=(492)
87 6 1 3 2 0 0 2
+1 3 1
+4 1 1
-2 3 0 1
+2 2
+1 11 4 2 2 0 0 2
+2 1 1
-1 1 0 1
-1 1
+2 1
-2 1 0 1
+2 13 6 2 2 0 0 2
+2 1 1 0 0 1
-2 1 0 1
+5 1
-2 1 0 1
-1 1 0 1
+3 14 4 3 2 0 0 2
+2 1
-1 1 0 1
+1 8 1 3 1 0 0 1
+1 2
+3 7 5 0 1 0 0 1
-14 4 0 2 1 0 0 1

fn=(456)
392 2 0 0 1 0 0 1
-3 5 0 4
fi=(124)
870 1
fe=(115)
389 1 0 1
fi=(124)
870 1 0 0 1 0 0 1
fe=(115)
389 5 0 1
fi=(124)
870 2
fe=(115)
407 2
+8 1
+2 2
-20 4 2 0 1 0 0 1
+2 3
+3 2
+20 1
-29 1
+29 7 7
-15 1 0 0 1 0 0 1
+5 3 1 1
-1 2 0 0 1 0 0 1
+1 27 9 9
-1 18
+2 4 0 1

fn=(488)
561 1 1 0 1 1 0 1 1
-2 1
+1 1 0 1 0 0 1 0 0 1
-1 1 0 1 0 0 1 0 0 1
+2 2
+16 1 0 0 1 0 0 1
-14 1 0 1
+1 1 0 1
+13 1 0 1
+5 1 1
-17 1 0 1
+1 1 0 1
+1 1 0 1
+1 1 0 1
+14 1 0 0 1 0 0 1
-13 1 0 1
+1 1 0 1
+1 1 0 1
+2 1 0 1
+1 1 0 1
+1 1 0 1
+1 1 0 1
+6 1
+1 2 0 2 0 0 1 0 0 1
+2 1 1

fn=(444)
362 2 1 0 1 0 0 1
-1 3 0 3 0 0 1
+3 4 1
+4 4 4
-3 1 1 0 1 0 0 1
fi=(124)
870 3
+2 2
+1 2
fe=(115)
365 2 1 1 0 1
cfi=(116)
cfn=(446)
calls=1 78 
* 285 51 41 11 1 5 11 0 1
* 2

fl=(113)
fn=(434)
1244 28 2 14 1 0 0 1
+31 6 4 2 1 0 0 1
+8 7 2 1 0 1
+4 10 2
+11 8 0 2 1 0 0 1
+11 2 2
fi=(144) /build/glibc-OTsEL5/glibc-2.27/stdio-common/printf-parse.h
108 4
fe=(113)
1309 6 2 4
fi=(144)
108 2 0 2
cfi=(98)
cfn=(438)
calls=2 -63 
* 40 4 0 3 0 0 3
* 2 2 0 1 1 0 1
fe=(113)
1324 2
fi=(144)
108 2 0 2
fe=(113)
1324 12 2 4 1 0 0 1
+1 10 6 2 2 0 0 2
+3 2 2
fi=(145) /build/glibc-OTsEL5/glibc-2.27/stdio-common/../libio/libioP.h
870 6 0 0 1 0 0 1
+2 2
-2 2
+2 2
-2 2 0 2
+3 4
fe=(113)
1328 12 4 2 0 1
cfi=(114)
cfn=(440)
calls=2 1220 
* 585 117 93 29 4 7 29 1 1
* 4
1696 10 4 2 1 0 0 1
+1 6 2
+3 24 18 0 1 0 0 1
1283 2
+45 4 0 0 1 0 0 1
+4 6 4
+4 16 6 0 1 2 0 1
-57 2 0 2
+34 2 0 2
-8 2 0 2
-59 4 0 4 1 0 0 1
1378 45 9 0 1 2 0 1 2
-3 3 3
-5 3 0 3
-4 3
-1 3 0 3
-1 3
-1 3 0 3
-1 3
-1 3 0 3 1 0 0 1
-1 3 0 3
+15 3
-16 3 0 3
-1 3 0 3
-1 3 0 3
+14 3 0 3
-4 3
+8 3 0 3 1 0 0 1
-1 6 0 3
1660 3 0 3 1 0 0 1
+2 6 3 0 1 0 0 1
+8 3
fi=(144)
108 12 0 6
cfi=(98)
cfn=(438)
calls=3 -63 
* 66 6 0 1 0 0 1
* 3 3
fe=(113)
1674 3
fi=(144)
108 3
fe=(113)
1674 9 6
fi=(145)
872 9 0 0 1 0 0 1
+1 6 3
fe=(113)
1674 21 3 6
cfi=(114)
cfn=(440)
calls=3 1220 
* 195 39 27
* 21 0 0 1 0 0 1
+2 3 3
-2 3
+2 8 3
-33 75 18 9 3 0 0 3
1324 8 2 4 1 0 0 1
1643 9 3 0 1 0 0 1
fi=(145)
872 9
+1 6 3 0 1 0 0 1
fe=(113)
1643 21 3 12
cfi=(114)
cfn=(440)
calls=3 1220 
* 186 42 30 4 1 1 4 0 1
* 51 9 12 3 0 0 3
cfi=(97)
cfn=(366)
calls=3 52 
* 61 7 0 0 1 0 0 1
* 3 3
* 3

fl=(123)
fn=(496)
36 1 0 0 1 0 0 1
+3 1
-3 3 1 1
+3 1
-3 1 0 1
+3 5
+8 4 1

fl=(89) /build/glibc-OTsEL5/glibc-2.27/csu/../csu/libc-start.c
fn=(328) (below main)
137 8 0 5 2 0 0 2
+4 1 1
-4 2 0 2
+4 2
+98 1
-98 1 0 1
+98 1
+1 4 0 1
cfi=(90)
cfn=(330)
calls=1 65 
* 65 15 17 9 4 1 9 1 1
+22 4 2 0 1 0 0 1
+3 2
+1 5 4 1
cob=(5) /home/vuong067/Downloads/ha4-handout/mdriver
cfi=(88) ???
cfn=(334) __libc_csu_init
calls=1 0 
* 57 13 10 7 1 0 6
+4 4 2
+15 2 0 0 1 0 0 1
+12 2 0 1
cfi=(91)
cfn=(346)
calls=1 30 
* 29 6 10 4 0 0 4
+1 2
+5 2 1 1 0 1
+1 2 1 1 0 1
+3 2 0 1
+3 6 5 1 1 0 0 1
cob=(5)
cfi=(94) /home/vuong067/Downloads/ha4-handout/mdriver.c
cfn=(352) main
calls=1 151 
* 67983 16155 1388 283 1248 112 279 867 59

fl=(95) /build/glibc-OTsEL5/glibc-2.27/posix/getopt.c
fn=(358) _getopt_internal
705 5 0 5 1 0 0 1
+3 15 10 5 0 3 2 0 1 1
+1 15 10 5 1 1 0 1
+2 25 5 15 0 0 1 0 0 1
cfn=(360) _getopt_internal_r
calls=5 473 
* 1018 304 95 30 40 2 30 3
+4 5 5
+1 5 5
-1 5 0 5
+1 10 5 5 0 0 1
+1 15 10 5 0 2 1
+2 10 10
+1 10 10

fn=(360)
473 35 0 30 1 0 1 1
+3 5
-3 15 5 10
+1 5 5
+2 5
+5 20 5 0 1 0 0 1
-2 5 0 5
+2 25 5
-91 2 0 2
+1 1 0 1
+3 3 1 0 0 1 0 0 1
+5 2 0 0 1 0 0 1
+5 4 1
+5 2 1 1
+78 3
+5 2
-5 12
+5 14 3
610 4 0 0 1 0 0 1
+1 4
-1 16 4 12
+1 12 0 8
cfi=(98)
cfn=(370)
calls=4 45 
* 84 12 0 4 0 0 4
* 4 4
+3 20 16
+1 4 0 4
+2 20 0 0 1 0 0 1
+9 12 8
+27 8
+46 45 35
483 20 8 0 0 1
+15 15 10 0 1 0 0 1
+2 15 5 0 1 0 0 1
+3 10 5
+24 46 20 0 0 2 0 0 1
+23 2 0 0 1 0 0 1
+6 8 4 0 1 0 0 1
388 2 2
548 2
-40 15 5 0 1 0 0 1
+9 54 12 0 2 1 0 2
+2 10 0 5
-8 10 0 0 1 0 0 1
+1 12 0 4
655 3 2
+15 3 1 0 1 0 0 1
+24 1 0 1
+3 1
556 12 4 0 1 0 0 1
+10 8 4 0 1 0 0 1
+38 8
404 3 0 2 1 0 1 1
cfi=(96)
cfn=(362)
calls=1 34 
* 348 114 7 7 35 0 7 1
* 3 1 0 1 0 0 1
+3 3 1 1 1 0 0 1
677 2
+16 5 1 2
517 2
639 2

fn=(356) getopt
735 30 0 10 1 0 0 1
cfn=(358)
calls=5 -30 
* 1138 374 140 32 46 7 32 4 2
* 10 5

fl=(107)
fn=(414)
32 2 0 2 1 0 0 1
+8 2 2 0 0 1
-8 6 0 4
+8 9 3 0 0 2
+1 2 0 1 1 0 0 1
cfi=(108) /build/glibc-OTsEL5/glibc-2.27/misc/../sysdeps/unix/sysv/linux/x86_64/brk.c
cfn=(416) brk
calls=1 -10 
* 12 2 1 2 0 0 2
* 3 1
+3 4
+4 6
+12 5 4
-4 2 0 1 1 0 0 1
cfi=(108)
cfn=(416)
calls=1 -25 
* 12 2 1
* 2
+4 5 4

fl=(108)
fn=(416)
31 16 2 2 2 0 0 2
+8 2
-6 4
+7 2 2

ob=(1)
fl=(52) /build/glibc-OTsEL5/glibc-2.27/elf/dl-sort-maps.c
fn=(164) _dl_sort_maps
28 8 0 6 1 0 0 1
+2 1
-2 1 0 1
+2 1
+92 5 0 2
-88 5 0 2 1 0 0 1
+1 2
-1 1
-1 1
+1 4 0 1
+1 1 0 1
cfi=(28) /build/glibc-OTsEL5/glibc-2.27/string/../sysdeps/x86_64/multiarch/memset-vec-unaligned-erms.S
cfn=(76) memset
calls=1 +74 
* 15 1 2
* 16 1 5 1 0 0 1
+4 2 1
+3 1 1
-3 2 0 2 1 0 0 1
+1 3 2
+2 1
-7 2
+4 4 2
+3 2 2
-3 4 0 4
+1 6 4
+2 2
+12 18 11
+2 6 4 0 1 0 0 1
+1 4
-1 3 2
+1 3
+2 9 3
+1 6
+58 12 2 2
cfi=(28)
cfn=(76)
calls=2 -9 
* 32 2 4
* 8 2
-28 12 3 0 1 0 0 1
-36 6 0 0 1 0 0 1
+61 15 5
+7 8 7

fl=(50) /build/glibc-OTsEL5/glibc-2.27/elf/dl-cache.c
fn=(160) _dl_cache_libcmp
141 16 16 0 1 8 0 1 8
+1 18
+2 160 0 0 1 0 0 1
+20 78
+2 142 64 0 0 2 0 0 2
+4 32
+1 32
-29 64
+32 3 1
-28 2
+6 1 0 0 1 0 0 1
+2 1 1
-1 1
-1 2
+1 1
-1 1
+2 3
+2 3 1 0 1 0 0 1
-3 1
+3 1
+2 2
+9 21 7

fn=(154) _dl_load_cache_lookup
187 9 0 6 1 0 0 1
+8 2 1 0 1 0 0 1
+3 3 1 0 0 1 0 0 1
+45 1
+6 2
+11 1 1
-2 1
fi=(51) /build/glibc-OTsEL5/glibc-2.27/elf/../sysdeps/x86/dl-procinfo.h
39 1 0 0 1 0 0 1
fe=(50)
258 2 0 1
fi=(51)
39 3 0 1
+3 3 0 1
cfi=(21) /build/glibc-OTsEL5/glibc-2.27/string/../sysdeps/x86_64/strcmp.S
cfn=(56) strcmp
calls=1 144 
* 24 7
* 2
fe=(50)
264 4 0 1 1 0 0 1
cfi=(9)
cfn=(26)
calls=1 373 
* 18 4 1
* 1 1
fi=(26) /build/glibc-OTsEL5/glibc-2.27/elf/../sysdeps/unix/sysv/linux/not-errno.h
28 2
fe=(50)
264 1 0 1
fi=(26)
28 2
fe=(50)
266 2
fi=(26)
32 3 0 0 1 0 0 1
fe=(50)
270 2 1 1
+15 1 1
-15 1 0 1
+15 111 15 9 2 7 0 2 7
cfn=(160)
calls=7 141 
* 514 79 0 4 9 0 4 9
* 49 3 3 2 0 0 2
cfn=(160)
calls=1 141 
* 71 11 0 0 1 0 0 1
* 7 3 1 1 0 0 1
-84 4 0 1 1 0 1 1 0 1
cfi=(36) /build/glibc-OTsEL5/glibc-2.27/elf/dl-misc.c
cfn=(156) _dl_sysdep_read_whole_file
calls=1 44 
* 107 16 16 3 0 0 3
+8 1
-8 1
+8 4 1 0 1 0 0 1
+1 7 3 0 0 1 0 0 1
+7 1 1
-3 1 0 1
+3 3 0 0 1 0 0 1
+3 1
+1 2
-1 1 0 1
+1 1
+1 8 3 0 1 2 0 1 2
+63 3 0 1 2 0 0 2
+16 2 1
+4 2 1
+8 3 1 1
cfi=(13) /build/glibc-OTsEL5/glibc-2.27/string/../sysdeps/x86_64/multiarch/../strlen.S
cfn=(28) strlen
calls=1 79 
* 34 5 0 0 1 0 0 1
* 2
+1 1
-1 4 0 0 1 0 0 1
+1 2 0 1
cfi=(20) /build/glibc-OTsEL5/glibc-2.27/string/../sysdeps/x86_64/multiarch/memmove-vec-unaligned-erms.S
cfn=(48) memcpy
calls=1 129 
* 10 3 2
+1 2 0 1
cfi=(30) /build/glibc-OTsEL5/glibc-2.27/string/strdup.c
cfn=(86) strdup
calls=1 40 
* 80 14 9 0 0 1 0 0 1
+1 8 7
-19 2 1 0 1 0 0 1
-27 4 2 0 1 0 0 1
+1 3 1
-1 7 1 1 1 0 0 1
+15 16 6 0 2 0 0 2
fi=(51)
42 3 0 1
fe=(50)
297 3 0 0 1 0 0 1

fn=(284) _dl_unload_cache
326 4 1 0 1 1 0 1
-1 1
+3 2 1 1
cfi=(44) /build/glibc-OTsEL5/glibc-2.27/misc/../sysdeps/unix/syscall-template.S
cfn=(286) munmap
calls=1 78 
* 5 1
+1 1 0 1 1 0 0 1
+2 2 1

fl=(12) /build/glibc-OTsEL5/glibc-2.27/elf/../sysdeps/unix/sysv/linux/x86_64/brk.c
fn=(22) brk
31 7 0 1 1 0 1 1 0 1
+8 1
-6 2
+7 1 1

fl=(103)
fn=(388)
71 2 0 2 1 0 0 1
+3 2
+2 2
+10 2 2 0 0 1
+6 2 0 2 0 0 1
+1 2 0 2
+1 2 0 2
+1 2 0 2
+1 2 0 2
+1 2 0 2
+1 2 0 2
+4 2
+1 2
+3 2 0 2 0 0 1
+1 2 0 2 1 0 0 1
+2 2 0 2
+1 2 0 2
+1 2 0 2
+1 2 0 2
+1 2 0 2
+1 2 0 2
+2 2 0 68 0 0 9
+7 2 2 0 1 0 0 1
+1 2 2
+1 2 0 2 0 0 2
cfi=(104) /build/glibc-OTsEL5/glibc-2.27/elf/../elf/dl-runtime.c
cfn=(390) _dl_fixup
calls=2 -59 
* 2001 563 162 6 70 17 5 5
+1 2
+5 2
+1 2
+1 2 72
+2 2 2
+1 2 2
+1 2 2
+1 2 2
+1 2 2
+1 2 2
+1 2 2
+2 2
+2 2 2 0 1 0 0 1
+4 2
+3 2

fl=(25) /build/glibc-OTsEL5/glibc-2.27/elf/dl-hwcaps.c
fn=(68) _dl_important_hwcaps
42 4 0 3 1 0 0 1
+1 1
-1 8 0 6 1 0 1 1 0 1
+1 4 0 1
-1 1 0 1
+1 1 0 1
cfi=(9)
cfn=(26)
calls=1 373 
* 18 4 1
* 1 1
+3 3
-3 1 0 1
+12 6 1 0 1 0 0 1
+1 3
+1 1
-2 1
+2 1
-2 5
+1 3
+1 1
-2 1
+2 1
-2 5
+10 3 1
fi=(26)
-37 4 0 0 1 0 0 1
fe=(25)
131 4
-2 1
+17 6 0 0 1 0 0 1
+3 2
329 9 7 0 1 0 0 1
69 3 0 0 1 0 0 1
+77 1
+20 1
-19 1
+36 10 0 1
+1 3 1 1 1 0 1 1 0 1
-1 2
+1 3 1 1
fi=(27) /build/glibc-OTsEL5/glibc-2.27/elf/../sysdeps/x86/dl-hwcap.h
57 6 0 2
fe=(25)
186 1 0 1 0 0 1 0 0 1
+1 1 0 1
cfi=(13)
cfn=(28)
calls=1 79 
* 16 2 0 0 1 0 0 1
+1 1 1
-1 1 0 1
+1 3
-5 1 1
+5 1
-5 1
+5 2
-5 5 1 0 1 0 0 1
+8 3 1
+2 1 0 1
+1 6 1 1 1 0 0 1
+4 1
+4 1
-3 1 0 1
-1 1 0 1
+4 2 1
+3 4 0 1
+4 3 0 0 1 0 0 1
+1 1
-1 5 1 2
+1 3 1
+2 3
+2 2 1
-1 1 0 0 1 0 0 1
+1 1
-1 1
+2 2
+7 2
+6 11 1 5 1 0 0 1
+1 4 0 1
cfi=(19) /build/glibc-OTsEL5/glibc-2.27/elf/dl-minimal.c
cfn=(46) malloc
calls=1 50 
* 18 3 3
* 1 1
+1 1
-1 1
+1 3 2 0 1 0 0 1
+29 13 1 5
+3 4 1 1 1 0 0 1
+7 1 1
+10 12 2 6 1 0 0 1
-4 2 2
-3 1
+3 1 0 1
cfi=(20)
cfn=(74) mempcpy
calls=1 116 
* 16 3 2 2 1 1 2 1 1
* 2 2
-3 1
+3 1 0 1
cfi=(20)
cfn=(74)
calls=1 116 
* 16 3 2
* 6 2 2
+3 7 2
+1 12 0 0 1 0 0 1
+1 4 2 1
cfi=(20)
cfn=(74)
calls=1 116 
* 14 3 2
-2 1
+2 2 0 1
-2 1
+5 6 2 2 1 0 0 1
cfi=(20)
cfn=(74)
calls=2 116 
* 28 6 4
+2 2
-2 4 0 2
+2 5 3
-7 3 1
+12 1
+1 2 0 1
-1 9 0 0 1 0 0 1
+1 14 0 7 0 0 1 0 0 1
-1 18 2
+5 10
+4 3 0 0 1 0 0 1
-4 12
+4 33
+1 12 12
-1 12
+1 24 0 12
-2 12
+1 24
-1 39
+4 6
+5 1 1
-2 1 1
+2 1
-1 1 0 0 1 0 0 1
-1 2
+2 1
-1 1
+1 4
+2 6
+1 2 2
+3 2 0 1
-6 5 0 0 1 0 0 1
+13 8 3
+1 1
-1 2 0 1
+3 2
-3 3 3
+1 3
-1 6 0 3
+3 6
+3 3 2 1
+2 2 1 0 1 0 0 1
-15 2 0 1
-6 3
-42 2 0 0 1 0 0 1

fl=(78) /build/glibc-OTsEL5/glibc-2.27/elf/dl-init.c
fn=(290) _dl_init
79 11 0 6 2 0 0 2
+5 1 1
-4 1 1 0 0 1
+1 1 1
+3 2
+8 2
+25 2 1
+1 12 0 0 1 0 0 1
+1 12 8
-89 12 4
+9 3 3
-3 6 0 3
+3 9 3 0 0 2
+5 6 2 0 1 2 0 1
+5 2 1
+9 6 2 1 0 1
cob=(3)
cfi=(80)
cfn=(302)
calls=1 -6 
* 201 49 27 14 8 4 14 1 3
* 1 1 0 0 1
+4 2
+6 2 2 0 1 0 0 1
+2 2 2
-2 1
+3 1
-1 1
+1 5 0 1
+1 4 1 1
cob=(3)
cfi=(86)
cfn=(316)
calls=1 488 
* 1773 167 90 32 7 3 32 6 3
* 1
-1 2 1
+47 3
+7 8 7
-80 3 1 0 1 0 0 1
-5 3
-10 3 1 0 1 0 0 1
+57 2 0 1
-48 1 1 0 1 0 0 1
-3 2 0 1
+3 3 1
+5 3 1
+5 2 1
+9 7 2 2 1 1 0 1
cob=(2)
cfi=(18)
cfn=(292) 0x0000000004a2a520
calls=1 -58 
* 6 2 0 1
* 1 1
+3 1 1
+1 2
+6 1 1
+2 2 2
-2 2 1 0 0 1
+3 8 0 2 1 0 0 1
+1 4 1 1
cob=(4)
cfi=(79)
cfn=(296)
calls=1 -72 
* 17 3 2 3 0 0 3
-1 5 2

fl=(46) /build/glibc-OTsEL5/glibc-2.27/io/../sysdeps/unix/sysv/linux/close.c
fn=(142) close
27 12 0 0 1 0 0 1
+1 3 3

fl=(47) /build/glibc-OTsEL5/glibc-2.27/io/../sysdeps/unix/sysv/linux/access.c
fn=(144) access
27 7 0 1 2 0 0 2
+4 1 1

fl=(21)
fn=(56)
144 392 0 0 1 0 0 1
+1 392
+2 392
+1 392
+21 392
+1 392
+1 276
+1 276
+1 255 255 0 0 34 0 0 25
+1 255 255 0 0 11 0 0 2
+1 255 255
+1 255 255
+21 255
+1 255
+1 255
+1 255
+1 255
+1 255
+1 255
+5 6
+1 6
+9 6
+1 6
+1 6
+1 6
+1 6
+1 6
+1 6
+1 6
-7 137 0 0 1 0 0 1
+1 137
+1 137
+1 137
+1 137 0 0 1 0 0 1
+1 137
+1 137
+1 137
+1 80
+1 54
+1 54
+1 54
+2 54
+1 54
+1 54
+1 54 54 0 0 3 0 0 1
+1 54
+1 54
-5 26
+1 26
+1 26
+1 26 26 0 0 2 0 0 1
+1 26
+1 26
+10 63 63 0 0 1
+1 63
+1 63
+2 63 63 0 0 1 0 0 1
+6 63 0 0 1 0 0 1
+1 63
+1 63
+1 63
+1 63
+5 63
+2 63
+1 63
+1 126
+8 63 63 0 0 1
+1 63 63 0 0 2 0 0 2
+3 63
+1 63 0 0 1 0 0 1
+1 63
+1 63
+1 63
+1 63
696 2 0 0 1 0 0 1
+1 2 2
+1 2 2
+1 2
+1 2
+2 2
+1 2
+1 2
+1 2
+1 2
+1 2
+1 2
+1 2 2 0 1 0 0 1
+4 2
+1 2
+1 2
+6 2
+1 2
+1 4
+4 2
+1 2
+3 2 2
+1 2 2 0 1 0 0 1
+1 2
+3 2
+1 2
+1 2
+6 2
+1 2
+1 2
+1 2
+1 2
+1 2
+72 1 0 0 1 0 0 1
+1 1 1 0 0 1 0 0 1
+1 1 1
+1 1
+1 1
+2 1
+1 1
+1 1
+1 1
+1 1
+1 1
+1 1
+1 1 1 0 1 0 0 1
+4 1
+1 1
+1 1
+6 1
+1 1
+1 2
+4 1
+1 1
+3 1 1
+1 1 1 0 1 0 0 1
+1 1
+3 1
+1 1
+1 1
+6 1
+1 1
+1 1
+1 1
+1 1
+1 1
+72 2 0 0 1 0 0 1
+1 2 2
+1 2 2
+1 2
+1 2
+2 2
+1 2
+1 2
+1 2
+1 2
+1 2
+1 2
+1 1 1 0 1 0 0 1
+4 1
+1 1
+1 1
+6 1
+1 1
+1 2
+4 1
+1 1
+3 1 1
+1 1 1 0 1 1 0 1 1
+1 1
+3 1
+1 1
+1 1
+6 1
+1 1
+1 1
+1 1
+1 1
+1 1
+72 10 0 0 1 0 0 1
+1 10 10
+1 10 10 0 0 1 0 0 1
+1 10
+1 10
+2 10
+1 10
+1 10
+1 10
+1 10
+1 10
+1 10
+1 7 7 0 1 0 0 1
+4 7
+1 7
+1 7
+6 7
+1 7
+1 14
+4 7
+1 7
+3 7 7
+1 7 7 0 1 1 0 1 1
+1 7
+3 7
+1 7
+1 7
+6 7
+1 7
+1 7
+1 7
+1 7
+1 7
+72 4 0 0 1 0 0 1
+1 4 4 0 0 1 0 0 1
+1 4 4
+1 4
+1 4
+2 4
+1 4
+1 4
+1 4
+1 4
+1 4
+1 4
+1 1 1 0 1 0 0 1
+4 1
+1 1
+1 1
+6 1
+1 1
+1 2
+4 1
+1 1
+3 1 1
+1 1 1 0 1 0 0 1
+1 1
+3 1
+1 1
+1 1
+6 1
+1 1
+1 1
+1 1
+1 1
+1 1
+72 3 0 0 1 0 0 1
+1 3 3 0 0 1 0 0 1
+1 3 3
+1 3
+1 3
+2 3
+1 3
+1 3
+1 3
+1 3
+1 3
+1 3
1446 1 0 0 1 0 0 1
+1 1 1
+1 1 1
+1 1
+1 1
+2 1
+1 1
+1 1
+1 1
+1 1
+1 1
+1 1
1571 2 0 0 1 0 0 1
+1 2 2 0 0 1 0 0 1
+1 2 2 0 0 1 0 0 1
+1 2
+1 2
+2 2
+1 2
+1 2
+1 2
+1 2
+1 2
+1 2
+1 1 1 0 1 0 0 1
+4 1
+1 1
+1 1
+6 1
+1 1
+1 2
+4 1
+1 1
+3 1 1
+1 1 1 0 1 1 0 1 1
+1 1
+3 1
+1 1
+1 1
+6 1
+1 1
+1 1
+1 1
+1 1
+1 1
+72 3 0 0 1 0 0 1
+1 3 3 0 0 1
+1 3 3 0 0 2 0 0 2
+1 3
+1 3
+2 3
+1 3
+1 3
+1 3
+1 3
+1 3
+1 3
+1 2 2 0 1 0 0 1
+4 2
+1 2
+1 2
+6 2
+1 2
+1 4
+4 2
+1 2
+3 2 2 0 0 1 0 0 1
+1 2 2 0 1 1 0 1 1
+1 2
+3 2
+1 2
+1 2
+6 2
+1 2
+1 2
+1 2
+1 2
+1 2
+7 1
+1 1
+2 1
+1 1
+2 1 1 0 1 0 0 1
+1 1 1
+1 1
+3 1
+1 1
+1 1
+6 1
+1 1
+1 1
+1 1
+1 1
+1 1
+41 6 0 0 1 0 0 1
+1 6 6
+1 6 6 0 0 2 0 0 2
+1 6
+1 6
+2 6
+1 6
+1 6
+1 6
+1 6
+1 6
+1 6
+1 6 6 0 1 0 0 1
+4 6
+1 6
+1 6
+6 6
+1 6
+1 12
+4 6
+1 6
+3 6 6 0 0 2 0 0 2
+1 6 6 0 1 0 0 1
+1 6
+3 6
+1 6
+1 6
+6 6
+1 6
+1 6
+1 6
+1 6
+1 6
+72 40 0 0 1 0 0 1
+1 40 40 0 0 1
+1 40 40 0 0 2 0 0 2
+1 40
+1 40
+2 40
+1 40
+1 40
+1 40
+1 40
+1 40
+1 40
+1 35 35 0 1 0 0 1
+4 35
+1 35
+1 35
+6 35
+1 35
+1 70
+4 35
+1 35
+3 35 35 0 0 1 0 0 1
+1 35 35 0 1 2 0 1 1
+1 35
+3 35
+1 35
+1 35
+6 35
+1 35
+1 35
+1 35
+1 35
+1 35
+72 6 0 0 1 0 0 1
+1 6 6 0 0 3 0 0 3
+1 6 6 0 0 2 0 0 1
+1 6
+1 6
+2 6
+1 6
+1 6
+1 6
+1 6
+1 6
+1 6
+2 1 1 0 1 0 0 1
+4 1
+1 1
+1 1
+6 1
+1 1
+2 2
+4 1
+1 1
+3 1 1 0 0 1
+1 1 1 0 1 0 0 1
+1 1
+3 1
+1 1
+1 1
+6 1
+1 1
+1 1
+1 1
+1 1
+1 1
+74 120
+2 120
+1 120
+1 120
+1 120
-3 23 0 0 1 0 0 1
+1 23
+1 23
+1 23
+1 162
+5 54
+6 54 54
+1 54 54
+8 54
+1 54 54
-16 338
+6 338 338
+1 338 338
+8 338
+1 338 338

fl=(29) /build/glibc-OTsEL5/glibc-2.27/string/../sysdeps/x86_64/multiarch/../strchr.S
fn=(84) index
24 6 0 0 1 0 0 1
+1 6
+1 6
+1 6
+1 6
+1 6
+1 6
+1 6
+1 6 6 0 0 2 0 0 2
+1 6
+1 6
+1 6 0 0 1 0 0 1
+1 6
+1 6
+1 6
+1 6
+1 6
+1 4
+4 4
+1 4
+1 4 4
+1 4
+2 4 4
+4 2 2
+1 2
+1 2
+1 2
+1 2
+1 2 0 0 1 0 0 1
+1 2 2 0 0 1 0 0 1
+1 2
+1 2
+1 2
+1 2
+1 2
+1 2
+1 2 2
+1 2
+1 2
+1 2
+1 2
+1 2
+1 2
+1 2
+1 2 0 0 1 0 0 1
+1 2
+1 2
+52 2 0 0 1 0 0 1
+4 2
+1 2
+1 2 2
+1 2 0 0 1 0 0 1
+2 2 2

fl=(19)
fn=(46)
50 87 43 0 1 0 0 1
+11 42
+3 21
-3 21 0 21
+3 42
-3 2 0 0 1 0 0 1
+3 1
-3 1 0 1
+3 86
-15 3 0 2
+20 4 1 0 1 0 0 1
+1 2
+2 1
+1 8 0 1
cfi=(42) /build/glibc-OTsEL5/glibc-2.27/misc/../sysdeps/unix/sysv/linux/mmap64.c
cfn=(132) mmap
calls=1 -29 
* 35 7 6
+2 2
+2 3 1
+2 1
+3 1 0 1
-3 2 0 1
+4 1 0 1
+2 5 3
-2 21 0 21 1 0 0 1
-1 21 0 21
+3 42 21
-29 1 1 0 1 0 0 1
-1 1
+1 1
+1 2
-2 2 0 1

fn=(80) strsep
265 4 2 0 1 0 0 1
+2 2 2
+1 4
+4 33 1 0 1 0 0 1
+7 84 28
-2 56 28
+13 1 0 1
+4 2 2
-7 14
-15 44 14 0 1 0 0 1

fn=(90) free
111 4 2

fn=(42) calloc
92 8 0 0 1 0 0 1
+8 8
-1 16
-3 8
+4 16
+3 8 0 0 1 0 0 1
cfn=(46)
calls=8 -53 
* 210 35 35 5 0 0 5
* 8 8 0 1 0 0 1

fl=(33) /build/glibc-OTsEL5/glibc-2.27/string/../sysdeps/x86_64/strcspn.S
fn=(100) strcspn
30 1 0 0 1 0 0 1
+7 1
+1 1
+2 1
+1 1
+1 1
+1 1
+1 33 0 32 0 0 4 0 0 4
+3 2
+7 1 1
+1 1
+1 1
+1 1 0 1
+2 1 1
+1 1
+1 1 0 0 1 0 0 1
+1 1 0 1
+2 1 1
+1 1
+1 1
+9 3
+12 1
+2 1 1
+1 1 1
+1 1
-4 11
+2 11 11
+1 11 11
+1 11
+2 12 12 0 0 1 0 0 1
+1 12 12
+1 12
+2 12 12
+1 12 12
+1 12
+2 12 12
+1 12 12
+1 12
+2 1
+1 1
+1 1
+2 1
+7 1
+4 1 1

fl=(36)
fn=(116) _dl_name_match_p
282 515 0 206 1 0 1 1 0 1
+1 206 103 103 0 1
cfi=(21)
cfn=(56)
calls=103 144 
* 2556 717 0 2 7 0 2
* 103
+1 103
-1 103
+3 103 103
+2 206
+6 100
+1 500 300
-3 104 104
-4 208
+1 321 107 107 1 6 0 1
cfi=(21)
cfn=(56)
calls=107 144 
* 2730 751 0 1 3 0 1
* 214
+6 3
-11 3
+11 12 9

fn=(156)
44 2 0 2 1 0 0 1
+3 1
-3 3 0 2
+3 1
-3 3 0 0 1 0 0 1
+3 1 0 1
cfi=(37) /build/glibc-OTsEL5/glibc-2.27/io/../sysdeps/unix/sysv/linux/wordsize-64/lxstat.c
cfn=(120) open
calls=1 -8 
* 16 1 1
+1 2
+2 5 0 1
cfi=(41) /build/glibc-OTsEL5/glibc-2.27/io/../sysdeps/unix/sysv/linux/wordsize-64/fxstat.c
cfn=(130) _fxstat
calls=1 -16 
* 10 1
* 2
+2 1 1
+3 1
-3 1 0 1
+3 1
+13 2 0 1
cfi=(46)
cfn=(142)
calls=1 -41 
* 5 1
+3 7 5
-14 6 0 1 1 0 0 1
cfi=(42)
cfn=(132)
calls=1 -13 
* 35 7 6
* 2

fl=(28)
fn=(76)
109 50 0 0 1 0 0 1
+2 10
+1 10
+1 6 0 0 1 0 0 1
+1 6
+2 4 0 4 0 0 2 0 0 2
+1 4 0 4
+2 4 4
+55 2
+1 2
+10 2
+1 2 0 2 0 0 2 0 0 2
+1 2
+1 2 0 2 0 0 2 0 0 2
+1 2 0 2 1 0 0 1
+1 2 0 2
+1 2 0 2 0 0 1 0 0 1
+1 2 0 2
+1 2 0 2
+1 2 0 2
+1 2
+1 2
+1 2
+1 2
+2 31 0 31 0 0 28 0 0 28
+1 31 0 31
+1 31 0 31
+1 31 0 31
+1 31
+1 31
+1 31
+1 2 2
+15 4 0 0 1 0 0 1
+1 4
+1 4
+1 3
+1 3
+1 1
+1 1
+24 1 0 1 0 0 1 0 0 1
+1 1 0 1
+2 1 1
+3 2 0 2
+1 2 0 2
+2 2 2
+3 1 0 1
+1 1 0 1
+2 1 1

fl=(42)
fn=(132)
44 14 0 0 1 0 0 1
+3 7
-6 84 0 42 0 0 2 0 0 2
+6 7
+5 70
+2 49 49
-7 12 2 0 2 0 0 2

fl=(44)
fn=(136) mprotect
78 24 0 0 1 0 0 1
+1 6 6

fn=(286)
78 4
+1 1 1

fl=(35) /build/glibc-OTsEL5/glibc-2.27/setjmp/../sysdeps/x86_64/setjmp.S
fn=(110) __sigsetjmp
26 3 0 3 1 0 0 1
+9 3
+1 6 3
+1 3 0 3
+4 3 0 3
+1 3 0 3
+1 3 0 3
+1 3 0 3
+1 3
+2 6 3 0 1 0 0 1
+2 3 0 3
+1 3 3
+1 3
+2 6 3
+2 3 0 3
+4 3
+1 3 3

fl=(9)
fn=(26)
373 102 17 0 2 10 0 1
+4 17 17 0 0 3
-4 66
+9 3 0 3
+1 3
-6 14 0 14 1 0 0 1
+22 85 17 0 1 1
+2 17 17

fn=(16) __GI___tunables_init
289 8 0 6 1 0 1 1 0 1
-9 3 1
150 4 0 2 1 0 1 1 0 1
-82 152 50
+6 49 49 0 0 20 0 0 20
-3 49
+3 3892 521 0 1 8 0 1 8
+4 98
+5 49
297 49 0 0 1 0 0 1
83 49
297 49
fi=(10) /build/glibc-OTsEL5/glibc-2.27/elf/dl-tunables.h
121 98
-1 10 2
+1 4
-1 8 8
+1 32
-1 40 8 0 0 1 0 0 1
fe=(9)
330 196 49 0 1 0 0 1
-12 5390 2156
fi=(10)
120 1764 882 0 0 7 0 0 7
+1 2201
-1 558 186
fe=(9)
312 4361 0 0 2 0 0 2
68 98
364 8 7

fl=(48) /build/glibc-OTsEL5/glibc-2.27/elf/dl-deps.c
fn=(146) _dl_map_object_deps
159 1 0 0 1 0 0 1
-1 1 0 1
+1 1
-1 5 0 3
+1 1
-1 2 0 2
+1 1
-1 2 0 1 1 0 0 1
+1 1
-1 1 0 1
+1 1
-8 1 1
+8 2
-8 1
-6 1
+14 1
-8 1
+24 1
-32 1 0 1 0 0 1 0 0 1
+1 1 0 1
+1 1 0 1
+6 1 0 1 1 0 0 1
+24 2
-28 2
-2 1
+31 1 1
-33 3 0 1
+2 2
-1 1 0 1
+1 2 0 1 1 0 0 1
+6 3 1
+24 1
-24 1 0 1
+24 7 2 2
+4 1 0 1 1 0 0 1
+19 1 1
+2 2 0 2
-14 1 0 1
-1 1 0 1
+13 5 0 4 1 0 0 1
+11 1 0 1
+4 4 2
-4 3 0 3
+4 12 6
+12 12 8 0 1 0 0 1
+2 2 2
+8 2 2
-8 2 2
+6 2 0 2
-6 2 2
+6 2
+1 2 2
+4 2 2
-3 2 0 2
-3 2 0 2
+2 2 0 2
+4 8 4 0 1 0 0 1
+66 2
-98 2
+98 2 0 2
-66 4 0 2
+7 10 2 2
cfi=(29)
cfn=(84)
calls=2 24 
* 70 9 0 0 3 0 0 3
* 4
+4 6 2 0 1 0 0 1
-2 2 0 2
+2 2 0 2
cfi=(34) /build/glibc-OTsEL5/glibc-2.27/elf/dl-error-skeleton.c
cfn=(108) _dl_catch_exception
calls=2 -74 
* 5501 1158 751 73 44 65 73 44 65
* 2 2
+1 4 2
+9 2 2
+2 4 2
+5 2
+6 2 2
+2 2 0 2 1 0 0 1
-8 4
+3 2 0 2
+1 2 0 2
+1 2 0 2
+1 2 0 2
+4 10 2 4
+4 4
+1 3 0 1
-43 204 51
+1 102 0 0 1 0 0 1
+44 147
434 4 0 0 1 0 0 1
+2 6 0 2
+3 4 0 0 1 0 0 1
-1 2 0 2
cfi=(19)
cfn=(46)
calls=2 50 
* 36 6 6
* 2 2
+2 2
-2 2
+2 2
+3 2 2
+1 8
-1 2 0 2 0 0 1 0 0 1
+1 2 0 2
cfi=(20)
cfn=(48)
calls=2 129 
* 20 6 4
+1 10 0 2
cfi=(20)
cfn=(48)
calls=2 129 
* 20 6 4 0 0 1 0 0 1
+4 2 0 2
-1 2 0 2
+5 28 14 3 1 0 0 1
+7 6 2 0 2 0 0 2
+4 4 1 1
+11 3 0 1 1 0 0 1
-1 1 0 1
cfi=(19)
cfn=(46)
calls=1 50 
* 18 3 3
* 1 1
+3 1
-3 1 0 1
+3 4 2
+5 1
+1 1 0 1
-1 1
+3 2 0 0 1 0 0 1
-3 4 1 1
+9 2 0 1
+4 3 1 1
-10 3 1
-3 3 3
+9 6 0 3 0 0 1 0 0 1
+4 9 3 3
-10 9 3
+13 2 1
+51 2 1 0 1 0 0 1
+2 1 1
-1 1 0 1
+1 2
+35 7 1 2 1 0 0 1
cfi=(20)
cfn=(48)
calls=1 129 
* 10 3 2
+4 5 0 1
cfi=(52)
cfn=(164)
calls=1 28 
* 232 55 32 7 0 0 7
+3 1 0 1
+3 1 0 1
-1 1 0 1 1 0 0 1
+2 4 2
+7 3 1 0 1 0 0 1
+3 2
+3 8 7
225 8 4 0 2 1 0 2 1
-19 2
434 5
+27 2 0 1
214 25 11 0 1 0 0 1
+2 2
+2 8 4 0 1 0 0 1
+2 26 0 4
456 9 3
-1 4 4 0 1 0 0 1
+1 10 2
199 3 1 0 1 0 0 1
573 6 0 3 1 0 0 1

fn=(148) openaux
60 4 0 2 1 0 0 1
+7 2 2
-4 6 6
+1 2 2
-1 2 2
+1 2
-1 10 0 2 1 0 1 1 0 1
cfi=(24) /build/glibc-OTsEL5/glibc-2.27/elf/dl-load.c
cfn=(114) _dl_map_object
calls=2 2080 
* 5365 1118 703 71 44 63 71 44 63
* 2 0 2
+5 4 4

fl=(15) /build/glibc-OTsEL5/glibc-2.27/elf/dl-environ.c
fn=(34) _dl_next_ld_env_entry
29 3 3 0 1 0 0 1
+3 10 3
+13 47
-13 141 47
+2 98 49 0 1 0 0 1
+1 22 11
+5 2
-3 2
+3 2 0 2
+2 2 2
+7 1 1

fl=(105) /build/glibc-OTsEL5/glibc-2.27/elf/dl-open.c
fn=(394) _dl_find_dso_for_object
176 5 0 4 1 0 0 1
+4 6 1
+1 4 1
+1 12 6 0 1 0 0 1
+1 2 1
-2 6 2
+5 2 1 0 1 0 0 1
+4 7 5

fl=(23) /build/glibc-OTsEL5/glibc-2.27/posix/../sysdeps/unix/syscall-template.S
fn=(64) uname
78 4 0 0 1 0 0 1
+1 1 1

fl=(34)
fn=(166) _dl_receive_error
226 3 0 2
+1 1 1
+1 1 1
+3 1 0 1
+1 1 0 1
+2 2 0 1
cfi=(2)
cfn=(168) version_check_doit
calls=1 621 
* 3225 976 292 31 31 17 30 30 17
+2 1 0 1 1 0 0 1
+1 1 0 1
+1 4 3

fn=(104) _dl_catch_error
213 6 0 3 1 0 0 1
+2 2
-2 1
+2 2 0 1
cfn=(108)
calls=1 -40 
* 2178 473 267 92 22 30 92 22 30
* 1 1
+1 2 1 1
+1 1 1
+1 1 1
-1 1 0 1
+1 1 0 1
+2 5 4 0 1 0 0 1

fn=(108)
175 6 0 3 1 0 0 1
+15 3 3
-3 6 0 6 0 0 2 0 0 2
+4 3
-3 3
-13 3 0 3
+19 3
-3 3 0 3 1 0 0 1
+3 3
-19 3 0 3
+13 3 0 3
+2 3 0 3
+4 3 0 3 0 0 1 0 0 1
cfi=(35)
cfn=(110)
calls=3 26 
* 60 15 24 2 0 0 2
* 9
+2 9 6 3
cfi=(48)
cfn=(148)
calls=2 60 
* 5399 1134 709 73 44 64 73 44 64
cfi=(2)
cfn=(112) map_doit
calls=1 588 
* 2127 461 246 87 22 28 87 22 28
+2 3 3
-1 3 3
+1 6 0 3
-1 3 0 3 1 0 0 1
+1 3 0 3
+9 12 6

fl=(49) /build/glibc-OTsEL5/glibc-2.27/io/../sysdeps/unix/sysv/linux/wordsize-64/xstat.c
fn=(152) _xstat
34 8 0 0 1 0 0 1
-1 8
+1 8
+1 48
+4 1 1
-4 28 7 7

fl=(2)
fn=(54)
790 4 0 4 0 0 1
+1 4 4

fn=(174) init_tls
687 1 1
-6 1 0 1
+2 2 1 1
+4 1
+10 4 0 1
cfi=(19)
cfn=(42)
calls=1 92 
* 27 4 3
* 1 1
+11 1 1 0 1 1 0 1 1
-15 1
+3 1 0 1
+6 1
+2 1 0 1
-11 1 0 1
+15 1
+2 1 1 0 1 0 0 1
-1 1
+1 15
+2 8 4
+4 1
+2 1
-2 1 0 1
-5 8 4
+9 2
+3 1 0 1 1 0 0 1
cfi=(32) /build/glibc-OTsEL5/glibc-2.27/elf/../elf/dl-tls.c
cfn=(176) _dl_determine_tlsoffset
calls=1 141 
* 66 14 9 6 1 0 6 1
+7 1 0 1
cfi=(32)
cfn=(178) _dl_allocate_tls_storage
calls=1 332 
* 375 16 303 3 0 38 3 0 38
+1 1
-1 1
+1 1
+6 1 1 0 1 0 0 1
+3 1
-3 1 0 1
+3 6 0 2
+3 1 0 1 1 0 0 1
+2 1
+1 3 2

fn=(112)
588 1 0 1 1 0 0 1
+2 1 1
-2 1
+3 2 2
-1 3
+1 3 0 1 1 0 0 1
cfi=(24)
cfn=(114)
calls=1 2080 
* 2113 456 243 85 22 28 85 22 28
* 1 0 1
+2 2 2

fn=(32) dl_main
870 1 0 1 1 0 0 1
+17 1
-17 10 0 5 1 0 0 1
+17 1 0 1 0 0 1 0 0 1
+4 1
-21 1 0 1 0 0 1 0 0 1
2471 1 1
891 1 0 1 0 0 1 0 0 1
+1 1
2466 1 0 1
892 1 0 1
+5 1 0 0 1 0 0 1
2471 1
897 1 0 1
2464 2 1 1 0 0 1 0 0 1
+7 3
-4 1
+4 3 0 2 1 0 0 1
+2 2 1 1 0 0 1 0 0 1
cfi=(15)
cfn=(34)
calls=1 29 
* 14 6 1 2 0 0 2
* 4 2 2
cfi=(15)
cfn=(34)
calls=2 29 
* 316 110 1
* 9
+4 6 2
-2 2
+2 42
+1 19
-1 57 19 0 1 0 0 1
+3 4
+6 14 2 0 0 1 0 0 1
+76 3 1 0 1 0 0 1
+1 4 0 1 1 0 0 1
cfi=(16) /build/glibc-OTsEL5/glibc-2.27/string/../sysdeps/x86_64/memcmp.S
cfn=(36) bcmp
calls=1 24 
* 31 5 0 5 1 0 5 1
* 2
-56 2 1 0 1 0 0 1
+7 4 0 1
cfi=(16)
cfn=(36)
calls=1 24 
* 36 7 0 0 1 0 0 1
* 2
+2 3 0 1 1 0 0 1
2635 3 1 0 2 0 0 2
+32 3 1
907 3 1
1108 7 0 1 2 0 0 2
cfi=(17) /build/glibc-OTsEL5/glibc-2.27/elf/dl-object.c
cfn=(38) _dl_new_object
calls=1 59 
* 230 26 51 21 2 14 21 2 14
+2 1
-2 1
+2 1
+1 1 0 1
+1 1 1
+5 2
-5 1 0 1
+1 2 1 1
+4 1 0 1
cfi=(17)
cfn=(50) _dl_add_to_namespace_list
calls=1 31 
* 33 9 10 3 0 1 3 0 1
+1 2 1 0 1 0 0 1
879 1
1147 1 1
-3 1 0 1
-5 1 0 1
+1 1 0 1
+2 1 0 1
+5 5 0 0 1 0 0 1
+56 2 1
876 1
1166 1
+22 1
+15 2
-55 24
-1 27
+1 47 9 0 2 5 0 2 5
1250 3 1 0 1 1 0 1 1
+3 2 1 0 1 0 0 1
+2 2 1
+2 3 1 0 1 0 0 1
+13 3 1
+3 2 2
-2 1 1
+2 1 1
-2 3 0 2
cfi=(21)
cfn=(56)
calls=1 144 
* 50 6 0 5 2 0 5 2
* 2
+7 1 0 1
+3 1 1 0 1 0 0 1
-5 1 1
+3 1 0 1
-3 1 0 1
+5 1
+1 2 0 1
+4 2 1
+2 2 0 0 1 0 0 1
fi=(3) /build/glibc-OTsEL5/glibc-2.27/elf/get-dynamic-info.h
33 1 1
+9 2
+6 1 1 0 0 1 0 0 1
-2 1
+2 2
+15 1
+5 1
+3 1
+2 1
-3 1 0 0 1 0 0 1
-3 1
-3 1
-14 52
+13 24
+1 20 0 5 0 0 2 0 0 2
+10 5
-26 15 5 0 0 1 0 0 1
+16 20 0 20 0 0 4 0 0 4
+10 20
-26 60 20 0 0 5 0 0 5
+26 1
-26 3 1
+33 3 1 0 1 0 0 1
+20 3 1
+1 4 1 1
+1 4 1 1
+1 4 1 1
+2 4 1 1 1 0 0 1
+5 4 1 1
+1 4 1 1
+1 4 1 1
+6 3 1 0 1 0 0 1
+5 2 1
+7 2 1
+1 3 2
+18 3 1
+5 1 1
+2 1
-2 1 0 1 0 0 1 0 0 1
+2 1 0 0 1 0 0 1
+2 2
+2 2
+1 1 0 1
+2 3 1
+10 1 1
-8 3 1 1
+8 1 0 0 1 0 0 1
+5 2
+1 2 1 1
+2 2 1
fe=(2)
1293 2 0 1
cfi=(6) /build/glibc-OTsEL5/glibc-2.27/elf/dl-lookup.c
cfn=(10) _dl_setup_hash
calls=1 939 
* 23 7 6 0 1 0 0 1
+3 2 1 0 1 0 0 1
fi=(22) /build/glibc-OTsEL5/glibc-2.27/elf/setup-vdso.h
24 2 1
fe=(2)
1318 1 0 1 1 0 0 1
cfi=(11) /build/glibc-OTsEL5/glibc-2.27/elf/../sysdeps/unix/sysv/linux/dl-sysdep.c
cfn=(62) _dl_discover_osversion
calls=1 45 
* 87 13 4 5 1 1 5 1 1
* 9 1 1
-6 5 0 2 2 0 0 2
1167 2 2 0 1 1 0 1 1
+9 1 1
-7 1 0 1
-3 1 0 1 0 0 1 0 0 1
+10 1
+18 2 0 0 1 0 0 1
-37 3 2 1
+1 1
-6 3 1 1 1 0 0 1
+1 1
fi=(3)
65 4
+3 4
fe=(2)
1203 2 2 0 1 1 0 1 1
-1 2 2
+1 4
-1 2
+2 4 2
+1 1 0 1
+3 2 1
+1 2 1
-1 2 1 0 0 1 0 0 1
+1 2 1
+1 2 0 2 1 0 0 1
+1 6 3
+1 2 0 1
+31 2 1 1
+1 2 1 1
+1 1
-6 2 1 1 1 0 0 1
+1 1
fi=(3)
71 4 0 0 1 0 0 1
+1 1
+1 3 0 1
fe=(2)
1323 2 1 1 1 0 0 1
cfi=(24)
cfn=(66) _dl_init_paths
calls=1 623 
* 1740 309 231 66 4 15 66 4 15
+3 3 1 1
cfi=(31) /build/glibc-OTsEL5/glibc-2.27/elf/dl-debug.c
cfn=(92) _dl_debug_initialize
calls=1 49 
* 17 4 4 3 0 0 3
+7 1 1
-7 1 0 1 1 0 0 1
+2 1 0 1
+5 1
+3 3 2 1
+1 1 1
+3 1 0 1
-3 3 0 1
+1 2 1 1 1 0 0 1
+3 1 0 1
+5 1 1
-7 1 0 1
+7 1
+1 5 1 1
+17 2 1 0 0 1 0 0 1
+1 2 1 0 1 0 0 1
+5 1 1
-3 3 1
+2 1 0 1
+1 2 0 1
+5 2
+1 5 1 0 0 1 0 0 1
-1 2 0 0 1 0 0 1
+3 2 1 1 1 0 1 1 0 1
+1 2 1 1
+5 2 1 0 0 1 0 0 1
+6 4 2 0 1 0 0 1
+1 1
-2 1 0 1
885 1 0 1
1391 1
1570 1 0 1
cfi=(32)
cfn=(94) _dl_count_modids
calls=1 113 
* 4 3 0 1 1 0 1 1
* 1 0 1
+8 3 1
+3 2 1 1 1 0 0 1
+4 3 1
+5 2 1 1
+1 1 0 1
cfi=(31)
cfn=(96) _dl_debug_state
calls=1 74 
* 1 1
+1 1
+4 2 1
+15 3 2 0 1 0 0 1
+4 1 1
-2 1
+2 2
+2 3
+1 1
-1 2
+1 1 0 1
cfn=(98) handle_ld_preload
calls=1 837 
* 2506 604 328 104 23 37 104 23 37
* 1
+1 4 0 0 1 0 0 1
+2 2 0 1
+10 3 0 1
cfi=(47)
cfn=(144)
calls=1 27 
* 8 1 1 2 0 0 2
* 2
+77 1 1
-96 1
+96 3 1
+17 3 0 0 1 0 0 1
+1 1
-1 1
+1 2 1
-1 1
+1 5 0 1
cfi=(48)
cfn=(146)
calls=1 159 
* 6864 1430 912 109 48 69 109 48 69
+1 4
+5 1 1
-3 2 0 1 1 0 0 1
+3 2
+1 7 2 1
-1 2
+1 9 3 3
-1 6
+4 3 2 1 1 0 0 1
+1 3 1
+1 1 0 1
+2 2
+1 5 3
-1 4
+1 6 4
-1 6 0 0 1 0 0 1
+47 2 1 0 1 0 0 1
+2 2
-1 1 0 1 1 0 1 1 0 1
-1 2 0 1
+2 4 0 2
cfi=(34)
cfn=(166)
calls=1 226 
* 3240 981 299 32 31 17 31 30 17
+10 1 1
+1 1 1
-1 1 0 1
+1 1
+1 1 0 1
cfn=(174)
calls=1 687 
* 542 50 328 14 2 38 14 2 38
* 1 0 1 1 0 0 1
+2 2 1
799 1 1
fi=(146) /build/glibc-OTsEL5/glibc-2.27/elf/../sysdeps/unix/sysv/linux/dl-osinfo.h
64 2 1
fe=(2)
801 1 0 1
fi=(146)
77 1 1
fe=(2)
810 1 0 1
+7 1 0 1
-5 1 0 1 1 0 0 1
1808 2 1
2038 3 1 0 0 1 0 0 1
2161 3 1 0 1 0 0 1
+7 1 0 1
+2 3
+1 1 1
-1 2
+2 10
+2 4 4
-2 8 0 0 1 0 0 1
+2 4 4
+5 8 8
+2 8
+6 4 0 4
+2 8 4 0 0 1
+1 24 6 3 0 2
cfi=(54) /build/glibc-OTsEL5/glibc-2.27/elf/dl-reloc.c
cfn=(180) _dl_relocate_object
calls=3 148 
* 98717 26431 9362 156 1149 282 156 1014 264
+4 10 5 0 1 1 0 1
+1 2 0 1
cfi=(32)
cfn=(278) _dl_add_to_slotinfo
calls=1 887 
* 20 8 5 3 1 1 3
* 1
-12 1 0 1 1 0 0 1
+1 1 1
-3 2 0 0 1 0 0 1
+29 4 2
+2 1 0 1
+7 3 1 1 1 0 0 1
cfi=(32)
cfn=(280) _dl_allocate_tls_init
calls=1 437 
* 149 34 31 9 5 3 9 0 3
+3 2 1
-25 4 0 0 1 0 0 1
+2 2
+6 1 1
-6 1 0 1 0 0 1
+6 1
+26 3 2 0 1 0 0 1
+2 4 1
+15 1
+2 1 0 1
-2 2
+3 1 1
-3 1 0 0 1 0 0 1
+3 1
-3 1
+3 3 0 1
cfi=(54)
cfn=(180)
calls=1 148 
* 6191 1743 636 5 47 4 5 14
+1 4
+2 2 0 1
+8 1 0 1
cfi=(7) /build/glibc-OTsEL5/glibc-2.27/elf/../elf/dl-sysdep.c
cfn=(282) _dl_sysdep_start_cleanup
calls=1 260 
* 1 1 0 1 0 0 1
+4 2 1
+20 3 0 1 1 0 0 1
cfi=(31)
cfn=(92)
calls=1 49 
* 8 3
+1 1 0 1
-1 1
+2 1 0 1
cfi=(31)
cfn=(96)
calls=1 74 
* 1 1
+1 1
+4 1 0 1
cfi=(50)
cfn=(284)
calls=1 326 
* 15 4 2 2 1 0 2
+5 8 7 0 0 2
2094 1 0 0 1 0 0 1
+13 1 1
-9 1 1 0 1 0 0 1
-4 1 0 1
+10 1 1
-6 1 0 1
+6 1 0 1
+3 1
1753 1 0 0 1 0 0 1
+1 1 1
-1 2 1 1 1 0 0 1
+1 1
+2 1
+2 3
+2 1 1
-4 1 0 1
+4 2
+14 4 3 0 1 0 0 1
+1 2 1 1
+1 3 1
-64 5 0 0 1 0 0 1
+1 1
-1 3
+4 3 0 1 1 0 0 1
+1 1 1
+1 2
+1 2
+32 2 0 1 1 0 0 1
2565 3 0 1 1 0 1 1 0 1

fn=(52)
784 4 0 4 1 0 2 1 0 1
+1 4 4

fn=(168)
621 2 0 1 1 0 0 1
+2 4 2 1
cfi=(53) /build/glibc-OTsEL5/glibc-2.27/elf/dl-version.c
cfn=(170) _dl_check_all_versions
calls=1 362 
* 3215 972 290 29 31 17 29 30 17
* 2
+4 2 2 0 1

fn=(98)
837 8 0 6 1 0 0 1
+1 1
-1 1
-75 1
+86 1 0 0 1 0 0 1
-86 4 0 2 0 0 1 0 0 1
+80 2 1
+3 3 0 1
cfi=(33)
cfn=(100)
calls=1 30 
* 218 100 34 2 1 4 2 1 4
* 1
+1 3 0 0 1 0 0 1
+9 1
121 1 1
857 2 1
121 2
859 2 1
-97 5 2 0 1 0 0 1
-10 1 0 1
+4 1 0 1
+1 1 0 1
+1 1 0 1
+2 1 1
+2 1 0 1
cfi=(34)
cfn=(104)
calls=1 213 
* 2201 481 274 94 22 30 94 22 30
* 1 1
+1 3 1
+8 4 1
+71 2 1
+21 9 7
-15 4 0 1 1 0 0 1
cfi=(20)
cfn=(48)
calls=1 129 
* 18 5 4 2 0 2 2 0 2
+1 2 0 1 1 0 0 1

fn=(2) _dl_start
444 9 0 6 1 0 1 1 0 1
+19 4
fi=(3)
48 1 1 0 1 1 0 1 1
fe=(2)
463 1 0 1 0 0 1 0 0 1
fi=(5) /build/glibc-OTsEL5/glibc-2.27/elf/../sysdeps/x86_64/dl-machine.h
59 3 1 0 0 1 0 0 1
fi=(3)
-11 1
fe=(2)
489 1 0 1 0 0 1 0 0 1
-3 1 0 1 0 0 1 0 0 1
fi=(3)
48 1
+25 2 0 0 1 0 0 1
-3 1
-7 1
+5 1
+3 1
+2 1
-6 1
+3 1
-3 2
-3 16 0 4 0 0 2 0 0 2
+10 4
-26 12 4 0 0 1 0 0 1
+16 13 0 13 0 0 3 0 0 3
+10 13
-26 39 13 0 0 4 0 0 4
+26 1
-26 3 1
+2 36 0 0 1 0 0 1
+13 20
+2 4
+16 2 0 0 1 0 0 1
+20 4 1 1
+1 4 1 1
+1 4 1 1 1 0 0 1
+1 4 1 1
+2 4 1 1
+5 4 1 1
+1 4 1 1 1 0 0 1
+1 4 1 1
+6 3 1
+5 2 1
+7 3 1
+1 3 2 0 1 0 0 1
+8 3 1
+3 3 1 0 0 1 0 0 1
+4 2 1 0 1 0 0 1
+1 2 1
fe=(2)
500 2
393 1
507 1 0 1 1 0 1 1 0 1
393 1 0 1 0 0 1 0 0 1
cfi=(6)
cfn=(10)
calls=1 939 
* 23 7 6 2 1 1 2 1 1
+1 2 0 1
+1 2 0 1
+1 2 0 1
+1 2 0 1 0 0 1 0 0 1
+8 1 0 0 1 0 0 1
+9 1
-9 3
+9 1
-6 1 0 1
-3 1 0 1
+9 1 0 1
cfi=(7)
cfn=(12) _dl_sysdep_start
calls=1 88 
* 142055 36138 12473 675 1405 507 673 1221 483
* 1 0 0 1
+9 4
+3 1 1 0 0 1
+4 1 1 0 1
-4 1 0 1 0 0 1
+4 1
532 9 7 0 0 1
-27 27 9 0 3 0 0 3
fi=(4) /build/glibc-OTsEL5/glibc-2.27/elf/do-rel.h
84 1 1
+27 1
-28 1 1
+28 2
+1 2 1 0 0 1 0 0 1
fi=(5)
540 2 1
fi=(4)
112 76 38 0 0 4 0 0 4
fi=(5)
540 76 38 0 0 5 0 0 5
+1 39 39 0 0 5 0 0 5
fi=(4)
111 39
fi=(5)
541 39
fi=(4)
111 39
fi=(5)
541 39 0 39 1 0 21 1 0 21
fi=(4)
111 39
+5 2 1
+8 1
fi=(5)
335 1
+87 1
fi=(4)
124 2
+12 1 1
+3 1 1
-3 1
+3 1
-3 1 0 0 1 0 0 1
fi=(5)
301 1
fi=(4)
137 1
fi=(5)
301 1
fi=(4)
137 1
fi=(5)
301 1
fi=(4)
136 8 8 0 0 2 0 0 2
+3 8 8
-3 8
+3 8
-3 8
fi=(5)
301 8
fi=(4)
137 8
fi=(5)
301 8
fi=(4)
137 8
fi=(5)
301 8
+9 27
+3 9 9 0 0 7 0 0 7
-3 18 18 0 0 1 0 0 1
+3 27
+22 54 9 0 0 1 0 0 1
fi=(3)
68 4 0 0 1 0 0 1
fi=(4)
+56 28
fi=(5)
354 27 9 9 1 1 2 1 1 2
fi=(3)
71 4 0 0 1 0 0 1
+1 1
+1 2 0 1 0 0 1 0 0 1
fe=(2)

fl=(54)
fn=(180)
148 40 0 24 1 0 0 1
+15 4
-15 8 0 8
+15 4
+1 20 4 4 1 1 0 1
+6 12 8
+6 16 4
+1 8 4 0 1 3 0 1
-19 6
+22 6
+7 4 4
-32 4 0 4
+32 4
+44 4 4
fi=(5)
76 4 4
fe=(54)
231 8 4 4 1 0 0 1
fi=(5)
76 12
fe=(54)
258 146 56 40 3 12 0 3
-99 2
fi=(5)
481 6 0 2
fe=(54)
159 4 0 4 1 0 0 1
+99 2 2
fi=(4)
48 2 2
fe=(54)
258 2 2
fi=(4)
47 2 2
+11 2 2
-11 2
+11 2
-11 2 0 2
+11 2
fe=(54)
258 2
-99 2
fi=(5)
481 6 0 2
fe=(54)
159 4 0 4
+99 2 2
fi=(4)
48 2 2
fe=(54)
258 2 2
fi=(4)
47 2 2
+11 2 2
-11 2
+11 2
-11 2 0 2
+11 2
fe=(54)
258 4 4
fi=(4)
48 4 4
fe=(54)
258 4 4
fi=(4)
47 4 4
+11 4 4 0 0 1
-11 4
+11 4
-11 4 0 4
+11 4
+26 6 6
+14 12
-15 12 6 6 1 0 0 1
+3 24 12
+12 6
+10 8
+10 18 6 0 0 4
+6 5 5 0 1 1 0 1
-3 10 5 5 0 2
+3 5
fi=(5)
491 3 0 3
fi=(4)
51 3 0 3 0 0 1
fi=(5)
491 3
fi=(4)
50 6 0 3
+77 552 138 0 1 35 0 1 32
+12 276 276
-3 414 138
fi=(5)
276 138
fi=(4)
139 138 0 138
-2 138 138
-1 138 138 0 0 43 0 0 40
+1 138 0 0 1 0 0 1
+1 138 138 0 0 1
-1 276 0 138 0 0 1
fi=(5)
276 138
+21 276
+4 276
+7 552 138 0 0 88 0 0 81
fi=(55) /build/glibc-OTsEL5/glibc-2.27/elf/../sysdeps/generic/ldsodefs.h
102 363 121 0 1 0 0 1
fi=(5)
308 2049 121 0 1 3 0 1 1
fi=(4)
138 115
fi=(5)
308 230 0 115
fi=(4)
138 115
fi=(5)
308 115 0 115 0 0 1
fi=(4)
138 115 0 0 1 0 0 1
fi=(5)
308 230
fi=(4)
138 3
fi=(5)
308 6 0 3
fi=(4)
138 3
fi=(5)
308 3 0 3
fi=(4)
138 3
fi=(5)
308 1422 472 354 0 6 1
cfi=(6)
cfn=(188) _dl_lookup_symbol_x
calls=118 790 
* 70816 19792 6961 53 452 9 53 348 3
* 708 354 236 1 0 2 1
+2 363
+25 828 138 0 0 2 0 0 2
fi=(4)
74 4 0 0 1 0 0 1
+1 7 1
+1 78 39
fi=(5)
551 39 39
+24 78 78 0 0 1 0 0 1
+2 39 0 39
cob=(3)
cfi=(77)
cfn=(274)
calls=1 42 
* 77 11 5 3 0 0 3
cob=(3)
cfi=(58)
cfn=(270)
calls=1 32 
* 6 3 0 2 0 0 2
cob=(3)
cfi=(60)
cfn=(268)
calls=1 32 
* 8 3 0 1 0 0 1
cob=(3)
cfi=(57)
cfn=(266)
calls=1 33 
* 9 4 0 1 0 0 1
cob=(3)
cfi=(57)
cfn=(264)
calls=1 33 
* 9 4 0 1 0 0 1
cob=(3)
cfi=(70)
cfn=(262)
calls=1 30 
* 6 3 0 1 0 0 1
cob=(3)
cfi=(64)
cfn=(260)
calls=1 32 
* 8 3 0 2 0 0 2
cob=(3)
cfi=(60)
cfn=(258)
calls=1 32 
* 8 3 0 1 0 0 1
cob=(3)
cfi=(58)
cfn=(254)
calls=1 32 
* 6 3 0 1 0 0 1
cob=(3)
cfi=(60)
cfn=(252)
calls=1 32 
* 8 3 0 1 0 0 1
cob=(3)
cfi=(60)
cfn=(250)
calls=1 32 
* 8 3 0 1 0 0 1
cob=(3)
cfi=(74)
cfn=(248)
calls=1 40 
* 8 3 0 1 0 0 1
cob=(3)
cfi=(70)
cfn=(246)
calls=1 30 
* 6 3
cob=(3)
cfi=(73)
cfn=(244)
calls=2 32 
* 26 6 0 2 0 0 2
cob=(3)
cfi=(72)
cfn=(242)
calls=1 40 
* 7 3 0 1 0 0 1
cob=(3)
cfi=(56)
cfn=(240)
calls=1 44 
* 16 4 0 3 0 0 3
cob=(3)
cfi=(57)
cfn=(238)
calls=1 33 
* 9 4
cob=(3)
cfi=(58)
cfn=(234)
calls=1 32 
* 6 3 0 1 0 0 1
cob=(3)
cfi=(70)
cfn=(232)
calls=1 30 
* 6 3 0 2 0 0 2
cob=(3)
cfi=(60)
cfn=(230)
calls=2 32 
* 16 6 0 2 0 0 2
cob=(3)
cfi=(64)
cfn=(228)
calls=2 32 
* 16 6 0 2 0 0 2
cob=(3)
cfi=(69)
cfn=(226)
calls=1 42 
* 18 4 0 2 0 0 2
cob=(3)
cfi=(68)
cfn=(224)
calls=1 38 
* 9 4 0 1 0 0 1
cob=(3)
cfi=(67)
cfn=(222)
calls=1 38 
* 8 4 0 1 0 0 1
cob=(3)
cfi=(65)
cfn=(218)
calls=1 33 
* 13 4 0 1 0 0 1
cob=(3)
cfi=(56)
cfn=(216)
calls=1 44 
* 16 4 0 3 0 0 3
cob=(3)
cfi=(64)
cfn=(214)
calls=2 32 
* 16 6 0 1 0 0 1
cob=(3)
cfi=(60)
cfn=(212)
calls=1 32 
* 8 3 0 1 0 0 1
cob=(3)
cfi=(61)
cfn=(206)
calls=1 43 
* 77 11 5 7 3 0 7 1
cob=(3)
cfi=(60)
cfn=(204)
calls=1 32 
* 8 3 0 1 0 0 1
cob=(3)
cfi=(57)
cfn=(202)
calls=1 33 
* 9 4 0 1 0 0 1
cob=(3)
cfi=(58)
cfn=(198)
calls=1 32 
* 6 3 0 2 0 0 2
cob=(3)
cfi=(57)
cfn=(196)
calls=1 33 
* 9 4 0 1 0 0 1
cob=(3)
cfi=(56)
cfn=(194)
calls=2 44 
* 32 8 0 3 2 0 3
-26 39
+27 39 0 39 0 0 2 0 0 2
fi=(4)
75 121 1 1
fe=(54)
258 2 1
fi=(4)
75 14 7 7 1 0 0 1
fe=(54)
258 14 7
+3 16 4
+24 4 0 4
+3 8 4 0 1 0 0 1
+17 12 4 0 0 3
+8 20 12
+3 4
-3 4
+3 4
+4 8
+1 12 0 4 1 0 0 1
cfi=(44)
cfn=(136)
calls=4 78 
* 20 4
* 8
-14 32 28 0 0 1
fi=(5)
131 6 2 0 1 1 0 1
458 472 236 118 1 15 15 1 14 9
fi=(4)
124 414 138 0 1 0 0 1
+19 15 6
fi=(5)
430 51 17 0 1 0 0 1
+4 68 17 0 0 1
+5 17 17
+9 17 17
-9 34 17 0 0 2 0 0 2
+9 34 0 17 0 0 8 0 0 8
+49 9 3 0 1 0 0 1
+4 18 12 3
cfi=(20)
cfn=(48)
calls=3 129 
* 30 9 6 0 1 1 0 1 1
+2 9 6 0 1 0 0 1
+1 3
308 34
+5 17 17
-3 34 34
+3 168 117 0 1 0 0 1
-3 234 234 0 0 1
+3 351
+3 15 6 0 1 0 0 1
+3 6
+1 9 3
+1 6
+4 3 0 3 1 0 0 1
+7 3 0 3
cob=(3)
cfi=(56)
cfn=(240)
calls=1 44 
* 16 4
cob=(3)
cfi=(69)
cfn=(226)
calls=1 42 
* 18 4
cob=(3)
cfi=(77)
cfn=(274)
calls=1 42 
* 77 11 5
* 9 3
-24 126 0 0 1 0 0 1
fi=(4)
61 4 0 0 2 0 0 2
-10 2
-1 4
fi=(5)
551 16 8
+4 16
+2 24 8 0 0 1
+1 8 0 8 0 0 5 0 0 4
fi=(4)
61 141
+2 188 47 0 1 17 0 1 17
+2 119
+46 9 0 0 1 0 0 1
fi=(5)
541 1257 1257 0 0 157 0 0 157
fi=(4)
111 1257
fi=(5)
541 1257
fi=(4)
111 1257
fi=(5)
541 1257 0 1257 0 0 239 0 0 236
fi=(4)
111 1257
fi=(5)
535 1257 1257 0 1 316 0 1 316
fi=(4)
112 2514 1257
fi=(5)
535 2514
+5 2514
fi=(4)
50 1
160 1 1 0 1 0 0 1
51 1 0 1
160 4 0 2
+2 20 5 0 0 1 0 0 1
+9 10 10 0 1 0 0 1
-1 5 5
+1 5 0 5
-1 10
fi=(5)
276 5
fi=(4)
170 15 0 5
fi=(5)
276 5
+21 10
+4 10 0 0 1 0 0 1
+7 20 5 0 0 3 0 0 3
fi=(55)
102 15 5
fi=(5)
308 170 20 30 2 1 0 2
cfi=(6)
cfn=(188)
calls=5 790 
* 2413 644 217 1 10 0 1 8
* 35 20 10 1 0 0 1
+2 15
+25 30 5 0 0 1 0 0 1
fe=(54)
-77 10 0 2
fi=(5)
82 4 4 0 1 1 0 1
+4 6 2 0 0 2 0 0 1
+14 2 2 0 1 0 0 1
-8 2 0 2
+8 4
+20 4 2
+4 8 2 0 1 0 0 1
-2 4 0 2
458 20 10 5 0 1 1 0 1 1
fi=(4)
160 17 7 0 1 0 0 1
+14 2
fi=(5)
313 1 1 0 1 0 0 1
-3 2 2
+3 3
-5 87 9 6 4 0 0 4
fe=(54)
180 3 0 0 2 0 0 2
fi=(5)
308 6 0 0 1 0 0 1
fe=(54)

fl=(41)
fn=(130)
34 3 0 0 1 0 0 1
-1 3
+1 3
+1 18 0 0 1 0 0 1
+4 3 3

fl=(1) ???
fn=(0) 0x0000000000001090
0 2 0 1 1 0 1 1 0 1
cfi=(2)
cfn=(2)
calls=1 444 
0 143087 36383 12572 698 1443 545 694 1257 520
0 14 3 2 2
cfi=(78)
cfn=(290)
calls=1 79 
0 2173 279 138 60 24 7 59 7 6
0 3
cob=(5)
cfi=(88)
cfn=(326) _start
calls=1 0 
0 68198 16207 1443 309 1255 113 304 868 60

fl=(53)
fn=(172) _dl_check_map_versions
156 28 0 24 1 0 0 1
+15 12 4
+2 20 4 12 1 0 0 1
+2 4 4
+1 4 4
+2 4
-3 4 0 4
+1 4 0 4
+2 4
+3 6 4
-16 2 0 2
-8 4 0 2 1 0 0 1
+28 2 2 0 0 2 0 0 2
-4 2 0 2
+4 4
+16 2 2
37 4 2
201 2 2
37 10 2
+1 5 5
-1 10
+2 21 0 7 1 0 0 1
cfi=(36)
cfn=(116)
calls=7 282 
* 638 155 29
* 14
209 6 2
+5 2 2
-71 6 2 4 1 0 0 1
+71 4 2 0 0 1 0 0 1
-71 6 0 2
+79 2 2
-2 2 2
-2 4 4
+4 2 0 2
-4 14 10 2 1 0 0 1
+4 5 5 0 0 1 0 0 1
-2 5 5
-2 10 10
+4 5 0 5
-4 60 35 5 0 1
57 15 10 5
+8 15 5 0 1 0 0 1
-8 6 4 2
+8 6 2
+6 21 7
+16 7 7
+1 14
+2 7 7
+5 42 7 7 0 2 0 0 2
+14 108 54 0 1 2 0 1 2
+12 141 47 0 0 5 0 0 5
+4 47
-30 94 47 0 0 5 0 0 5
225 28 7 0 1 0 0 1
+3 21 7
+5 5
-11 5
111 7 7 0 1 0 0 1
+3 28 21 7
cfi=(21)
cfn=(56)
calls=7 +30 
* 315 54 0 8 7 0 8 7
* 32 2 2 1 0 0 1
237 8 4
+14 6 2 0 1 0 0 1
+3 8 8
+3 12 2 2
+3 8 2
+4 2
-7 8 2
+3 6 2
+4 30
-7 120 30 0 0 3 0 0 3
+3 92 30 2 0 2 0 0 2
+8 9 3 0 1 0 0 1
+89 36 32
-83 12 0 3 2 0 0 2
cfi=(19)
cfn=(42)
calls=3 92 
* 81 12 9
* 3 3
+1 3
-2 3 0 3
+2 3
+13 3 3
+2 3 3
-5 3 0 3
+3 3 3
+2 3
-2 3 0 3
+2 3
+3 8 6 0 1 0 0 1
+4 6 2
+18 5
-15 15 5
+2 15
-2 6 2
+2 6
+2 7
+1 7
-1 14 7
+1 7
-1 7 0 0 1 0 0 1
+1 7 0 7 0 0 3 0 0 3
+1 7 7
-2 7 0 7
+2 14 0 7 0 0 1 0 0 1
+1 21 7 7 0 0 1 0 0 1
+3 21 7
+8 6 2
+10 9 3
+3 8 6 0 1 0 0 1
+4 32 32
+6 32 32
+1 32 32
+1 32 32
-1 96
+1 32
-1 32 0 32 0 0 8 0 0 8
+1 32 0 32
+1 32 0 32 0 0 4 0 0 4
+3 96 32
+4 32
-14 68 34
+10 6 2
-96 2 2 0 1 0 0 1
-86 2 0 2
-8 2 0 2
+94 3

fn=(170)
362 5 0 4 1 0 0 1
+2 1
-2 3
+4 3
+2 24 4 4 1 0 0 1
cfn=(172)
calls=4 156 
* 3144 959 282 27 31 17 27 30 17
-2 4 4
+2 16
-2 8
+5 7 5

fl=(8) /build/glibc-OTsEL5/glibc-2.27/elf/../sysdeps/x86/cpu-features.c
fn=(24) get_common_indeces.constprop.1
34 2 0 1 1 0 0 1
+4 4
+3 3 0 1
+4 1 0 0 1 0 0 1
-4 1 0 1
+4 1
-4 1 0 1
+3 1 0 1
+1 2 0 1
+1 4 0 1
+1 4 0 1
+1 3 0 1
+1 2 1 0 1 0 0 1
+7 2 1
+1 7 0 4
+7 3 1 0 1 0 0 1
+4 2
+2 4
+40 2 1
+4 4
+1 2
+3 1
+7 1
-8 1
+4 1 0 0 1 0 0 1
+2 1 0 1
-2 1 0 1
+4 2
+3 2
+50 3 2 0 1 0 0 1
74 2 0 0 1 0 0 1
+3 3 1 0 0 1 0 0 1
+3 1 1
-3 1 0 1
+3 1
+2 3 0 1
+2 2
+7 3 0 0 1 0 0 1
-5 3 0 1

fl=(24)
fn=(118) open_verify.constprop.7
1598 110 10 60 1 0 0 1
+39 10
-39 30 0 30 0 0 1 0 0 1
+39 38 10
+31 40 10 10 1 0 1 1 0 1
cfi=(37)
cfn=(120)
calls=10 39 
* 184 10 18 3 0 1 3 0 1
+2 10
-2 10
+2 12
+10 2 0 2
+1 4 0 2
+5 12 0 2 1 0 0 1
cfi=(39) /build/glibc-OTsEL5/glibc-2.27/io/../sysdeps/unix/sysv/linux/read.c
cfn=(124) read
calls=2 27 
* 10 2 0 1 0 0 1
+2 4
+2 2 2
+2 2
-2 2 0 2
+2 2
+6 4
+16 32 18 0 3 2 0 3 2
+74 4 2
+5 4 2
+2 8 2
+6 4
+11 4 2 0 0 1 0 0 1
+6 2 2 0 1 0 0 1
+1 2 2
+1 2
-2 6
+1 6
+21 82
+2 38 17 0 1 11 0 1 11
+13 6 0 0 1 0 0 1
+3 8 4
+1 2
+12 12
-3 18 12 0 1 3 0 1 3
+15 2
+3 1 1
+1 3 1
+1 1 1
-1 1
-1 1
+3 3 1
+1 3 1 0 1 0 0 1
1650 8
1918 90 70 0 1 0 0 1
1714 2 1 0 2 1 0 2 1
1871 12 4 0 1 0 0 1
+3 2
-4 2
+4 4
+5 1
+1 2
-55 2 1 0 1 0 0 1

fn=(114)
2080 21 0 18 1 0 1 1 0 1
+8 3
-8 6 0 6 0 0 2 0 0 2
+8 3
+1 12 3 0 0 1 0 0 1
+3 42 9 0 1 0 0 1
+5 49 7 0 1 0 0 1
+2 21 0 7 0 0 1 0 0 1
cfi=(36)
cfn=(116)
calls=7 282 
* 777 170 31 5 0 0 5
* 14
+4 12 6
+1 18 6
+3 2 2
+1 2 2
+1 2
-1 2 2
+1 2 0 2
cfi=(21)
cfn=(56)
calls=2 144 
* 48 14
* 4
2391 27 21 0 1 0 0 1
2125 6 2 0 1 0 0 1
+10 6 2
-53 2 0 2 0 0 1 0 0 1
+89 4 0 0 1 0 0 1
-2 2 0 2 0 0 2 0 0 2
+2 2 0 2
cfi=(29)
cfn=(84)
calls=2 24 
* 46 6
* 4
2322 5 0 1
cfn=(82) expand_dynamic_string_token
calls=1 320 
* 154 26 16 5 0 2 5 0 2
* 1
-2 1 0 1
+3 5 0 1 1 0 0 1
+4 9 0 2
cfn=(118)
calls=1 1598 
* 208 46 15 16 8 1 16 8 1
+3 2 1
-3 1
+3 3 2
+12 3 0 0 1 0 0 1
+46 1 1
+1 3
-1 1 0 1
+1 9 3 5
cfn=(126) _dl_map_object_from_fd
calls=1 808 
* 1347 296 178 52 13 21 52 13 21
-1 1 1
+1 3
-1 1 0 1
+1 9 3 5
cfn=(126)
calls=1 808 
* 1694 307 332 6 12 50 6 12 50
* 6 0 0 1 0 0 1
2171 1 1 0 1 0 0 1
+4 2 0 1
cfi=(13)
cfn=(28)
calls=1 79 
* 16 2
* 1
+2 1
-2 1 0 1
+2 1
+7 4 1 0 1 0 0 1
+36 12 1 4 1 0 0 1
cfn=(150) open_path
calls=1 1932 
* 1347 367 222 16 0 8 16 0 8
+6 2
-6 1
+6 3
601 3 1
2314 2 1 0 1 0 0 1
+28 4
+2 2
-95 1 0 0 1 0 0 1
-14 1 0 1
+14 1
+2 3 1
+4 2 0 1 1 0 0 1
cfi=(50)
cfn=(154)
calls=1 187 
* 1176 195 63 30 22 2 30 22 2
+2 1
-2 1
+2 1
+4 2
+8 3 1
+23 10 0 3 1 0 0 1
cfn=(118)
calls=1 1598 
* 220 54 15 3 10 0 3 10
+4 2 1
-4 1
+4 3 2
+1 2 0 1
-88 7 1 1 1 0 0 1
601 3 1 0 1 0 0 1
2219 2 1 0 1 0 0 1
+1 2
-32 1 1 0 1 0 0 1
+1 2 0 1
-1 3 0 1
+8 7 0 3
-3 3 1
601 3 1 0 1 0 0 1
+9 3 2 0 1 0 0 1
2208 3 0 0 1 0 0 1

fn=(126)
808 22 0 14 1 0 1 1 0 1
+10 2 2
-10 2 0 2 0 0 1 0 0 1
+10 2
-10 6 0 6 1 0 0 1
+10 2 0 2 0 0 1 0 0 1
cfi=(31)
cfn=(92)
calls=2 49 
* 16 6
fi=(40) /build/glibc-OTsEL5/glibc-2.27/elf/../sysdeps/posix/dl-fileid.h
37 6
fe=(24)
818 2 0 2
fi=(40)
37 2 0 2
cfi=(41)
cfn=(130)
calls=2 -3 
* 20 2 0 2 0 0 2
* 4
+4 2 2 0 0 1 0 0 1
fe=(24)
834 2
fi=(40)
40 2 2
+1 2 0 2 1 0 0 1
fe=(24)
834 27 9
+1 10 5
fi=(40)
49 13 7 0 1 1 0 1 1
fe=(24)
1346 18 14
852 4 2 0 2 0 0 2
+24 8 2 2
+10 4 2
+22 8 4
+32 4
819 2 0 2 1 0 0 1
943 14 10 2
cfi=(17)
cfn=(38)
calls=2 59 
* 758 148 106 2 2 15 2 2 15
+1 2
-1 2
+1 2
+11 4 4
+5 2 2
-5 2 0 2 1 0 2 1 0 2
+1 2 2
+5 2
-5 2 0 2
+1 2 2
+2 2
-2 2 0 2
+2 4
+1 6 2
+20 2 0 0 1 0 0 1
-2 2 0 2
+10 2
-8 12
+8 2
-8 6 0 4
+8 2 0 0 1 0 0 1
+97 2 2
982 2
-6 2 0 2
1085 2
981 2
-5 4 0 2
1085 6 0 2
-96 32
-1 102
+1 95 17 0 1 2 0 1 2
+6 4 2
+5 4 2 2
+1 8 2 2
+11 20 8 0 1 0 0 1
+5 32 8
+9 12 0 0 1 0 0 1
-1 12 4
+1 4 0 4 0 0 2 0 0 2
+1 8 4
+2 4 4
-2 4
+1 4 0 4
-1 4
+3 4
+4 4
-7 4 0 4
+3 4 0 4 0 0 2 0 0 2
-1 4 0 4
+5 4 0 0 1 0 0 1
+1 8 4
+5 4 2
-1 2
-14 2
+14 2
+1 12 2 2
+10 2
-10 4 2
-1 2
-14 2
+14 2
+1 12 2 2
+10 2 0 0 1 0 0 1
-44 2 1 1
+1 1
+46 3 1
+4 1 0 1 0 0 1 0 0 1
+1 1 1
+2 1
-1 1
-1 2 1 1 1 0 0 1
+1 1
+3 3 0 1
+1 1 1
+3 1 0 1
-3 1 0 1
+7 4 1
+6 1 0 1
cfi=(32)
cfn=(162) _dl_next_tls_modid
calls=1 51 
* 6 3 1 1 0 0 1
* 2 1 1
+1 1
+19 4 2 2 1 0 1 1 0 1
+1 4 2 2
+1 2
-6 4 2 2 1 0 0 1
+1 2
+8 8 2
956 2 2
1110 2
956 2 0 2
1110 2 0 0 1 0 0 1
+10 6 4
fi=(43) /build/glibc-OTsEL5/glibc-2.27/elf/./dl-map-segments.h
50 2 2
+6 2 2
fe=(24)
1120 8 4 2
fi=(43)
56 6 4 0 1 0 0 1
fe=(24)
1120 2
fi=(43)
50 2
fe=(24)
1120 4 0 2
fi=(43)
56 4 0 4
cfi=(42)
cfn=(132)
calls=2 -12 
* 74 16 12 3 0 2 3 0 2
+4 2
-4 2 0 2
+4 4 2 0 1 0 0 1
+3 4 2
+1 2
+2 2
-2 2 0 2
-1 2 0 2
+3 2
+14 4 2 2
fi=(45) /build/glibc-OTsEL5/glibc-2.27/elf/./dl-load.h
+10 8 4
+1 6 4 2 1 0 0 1
+2 8 4
fi=(43)
+11 16 8
+45 4
-59 20 4 0 1 0 0 1
+2 12 6 2
+2 16 6 2
cfi=(42)
cfn=(132)
calls=2 -50 
* 66 14 12
* 4 0 0 1 0 0 1
+16 2 2
+2 2 2
-2 2
+1 2
+2 2
-1 2
+1 2
-1 6
+8 4 0 0 1 0 0 1
+3 4 2
+8 14 0 6
cfi=(28)
cfn=(76)
calls=2 -22 
* 249 2 130 2 0 32 2 0 32
* 4 4
+6 4 0 0 1 0 0 1
+4 8 1 1
cfi=(42)
cfn=(132)
calls=1 -97 
* 33 7 6
+3 2
-71 20 8 2 1 0 0 1
cfi=(44)
cfn=(136)
calls=2 +5 
* 10 2 0 1 0 0 1
* 4
fi=(45)
+21 5 3 0 1 0 0 1
+2 1 1
-1 3 2
+1 1
-1 1
+1 2
-1 2 0 0 1 0 0 1
+3 4 0 1
fe=(24)
1132 8 4 0 1 0 0 1
+9 4 2
fi=(3)
42 2
fe=(24)
1141 2 0 2 1 0 0 1
fi=(3)
42 2
+6 2 2 0 0 2 0 0 2
-2 2
+2 4
+15 2
+5 2
+3 2
-1 2
-3 2
-3 36 0 8 1 0 4 1 0 4
+10 8
-26 24 8 0 0 3 0 0 3
+16 35 0 35 0 0 7 0 0 7
+10 35
-26 105 35 0 0 8 0 0 8
+26 2
-26 6 2
+2 90
+13 40
+2 8 0 0 1 0 0 1
+16 4 0 0 1 0 0 1
+20 7 2 1
+1 8 2 2
+1 8 2 2 1 0 0 1
+1 8 2 2
+2 8 2 2
+5 8 2 2
+1 7 2 1 1 1 0 1 1
+1 8 2 2
+6 6 2
+5 4 2
+7 4 2
+1 6 4 0 1 0 0 1
+18 6 2 0 0 1 0 0 1
+5 1 1
+2 1
-2 1 0 1
+2 1
+2 2
+2 2
+3 6 2 0 1 0 0 1
+10 1 1
-8 4 1 1
+8 1
+5 2
+3 4 2
fe=(24)
1148 4 0 0 1 0 0 1
+15 6 2
+19 4 2 2
+2 10 4 0 1 0 0 1
+54 6 2 0 0 1 0 0 1
+1 2 1 1
+3 2 1 1
cfi=(46)
cfn=(142)
calls=1 27 
* 5 1
* 2 1 1
cfi=(46)
cfn=(142)
calls=1 27 
* 5 1 0 1 0 0 1
* 4
+9 4 2
+2 6 4 0 1 0 0 1
+2 2 2
-2 2 0 2
+2 2
+16 4 0 2
cfi=(6)
cfn=(10)
calls=2 939 
* 46 14 12 0 3 0 0 3
+4 4 2
+1 4 2
+17 4 2 0 1 0 0 1
+1 1 0 1
+8 1 1
-5 3 1 2
+5 2 1
-5 3 1 2
+5 1
+10 4 2
+10 6 2 2 1 0 0 1
cfi=(17)
cfn=(50)
calls=2 31 
* 82 23 22
+4 6 2
fi=(3)
68 8 0 0 2 0 0 2
+3 8
+1 2
+1 8 0 2
fe=(24)
369 2 1 0 1 0 0 1

fn=(66)
623 1 0 1 1 0 0 1
+13 2
-13 8 0 6
+13 3 2 1
cfi=(25)
cfn=(68)
calls=1 42 
* 711 97 97 26 2 5 26 2 5
+5 1
-5 1 0 1 1 0 1 1 0 1
+5 1 0 1
cfi=(19)
cfn=(46)
calls=1 50 
* 18 3 3
* 1 1
+1 1
-2 1 0 1
+2 2
+8 1 1
-1 1
+1 4 0 2
-1 3 0 0 1 0 0 1
+4 4 0 1
cfi=(19)
cfn=(46)
calls=1 50 
* 18 3 3
* 1 1
+2 1
-2 2 0 1
+2 1
+7 1 0 1
+10 1
-11 1 0 1
+12 1 0 1 1 0 1 1 0 1
+3 1 0 1 0 0 1 0 0 1
+1 1
-5 1 0 1
+3 1
+1 1
-1 1 0 1
+9 1
-20 1
+17 1 1
+3 1 0 1
-3 17 4 4 1 0 0 1
cfi=(28)
cfn=(76)
calls=4 109 
* 48 4 8 2 0 2 2 0 2
+3 27 3 3
-12 3
-2 3 0 3
+10 3 3 0 0 2 0 0 2
-7 3 0 3 1 0 2 1 0 2
-1 3 0 3
+4 3 3
-1 3 0 3
+1 3 0 3
+1 3
+3 3
+1 3 3
-4 3
+4 3
+14 1 1
-11 1 0 1
+6 1 0 1 1 0 1 1 0 1
+1 1 0 1
+5 2
+2 4 1
+2 3 1
+38 5 2 0 1 0 0 1
-19 1 1 0 1 0 0 1
-2 2 0 1
+2 2
+21 3 0 1 1 0 0 1
cfi=(13)
cfn=(28)
calls=1 79 
* 16 2
* 8 0 1 1 0 0 1
cfi=(20)
cfn=(48)
calls=1 129 
* 10 3 2
* 1
+5 4 1
-1 2
+2 56
-1 57 14 0 1 0 0 1
+5 1 0 1
cfi=(19)
cfn=(46)
calls=1 50 
* 18 3 3
* 1 1
+1 1
-2 1 0 1
+2 1
+6 7 0 1
cfn=(78) fillin_rpath
calls=1 389 
* 584 141 60 24 0 2 24 0 2
+3 3 2
+6 1 0 1
+4 8 7
-37 2 0 1 2 0 0 2

fn=(78)
389 7 0 6 1 0 0 1
+2 1
-2 9 0 6 1 0 0 1
+4 3 2 1
cfi=(19)
cfn=(80)
calls=1 265 
* 238 74 1 3 0 0 3
* 3 2 1
cfi=(19)
cfn=(80)
calls=1 265 
* 6 3
* 6 0 0 1 0 0 1
+7 2 1
+2 3 1 1
cfn=(82)
calls=1 -82 
* 104 18 14 4 0 0 4
+4 1
-4 1
+4 1
+5 2 0 1
cfi=(13)
cfn=(28)
calls=1 79 
* 16 2
+1 2
+7 6 1 0 1 0 0 1
+9 17 5 0 1 0 0 1
+1 8 4
+57 2 1 1 1 0 0 1
cob=(2)
cfi=(18)
cfn=(88) 0x0000000004000f00
calls=1 0 
* 5 3 0 1 0 0 1
* 1
-39 2 1 0 1 0 0 1
+4 7 2 2 1 0 0 1
-1 1 0 1
cfi=(19)
cfn=(46)
calls=1 50 
* 18 3 3
* 1 1
+3 3 1
+5 1
+1 2
-2 2 0 2 0 0 1 0 0 1
+2 1 0 1
cfi=(20)
cfn=(74)
calls=1 116 
* 12 3 2 0 0 1 0 0 1
+3 1 1
-2 1 1 0 1 0 0 1
-1 1 0 1
+1 1 0 1
+2 1
+6 4 1
+1 17 0 0 1 0 0 1
+1 1 0 1
-1 3
+1 1 0 1
-1 14 1 1 1 0 0 1
+1 8 0 1 1 0 0 1
-1 1
+1 1 0 1
-1 3
+1 1 0 1
-1 2
+4 1 1 0 1 0 0 1
-1 1 1
+1 1
-1 1 0 1
+1 1
+8 1 0 1 1 0 0 1
-1 1 0 1
+4 3 0 1
-37 2 0 1
-28 1 0 0 1 0 0 1
+5 4 0 2
+66 1 0 1
+3 9 7
-15 2 0 1 1 0 0 1

fn=(82)
320 12 0 8 1 0 0 1
+10 4
-10 2
+10 2 0 2 0 0 1 0 0 1
cfi=(29)
cfn=(84)
calls=2 24 
* 70 9 0 6 0 0 6
* 4
+15 2
-11 2
+11 8 8
-11 2
cfi=(30)
cfn=(86)
calls=2 40 
* 150 27 20 2 0 1 2 0 1

fn=(150)
1932 8 0 6 1 0 1 1 0 1
+1 1 1
+6 1
-6 1 0 1 0 0 1 0 0 1
+6 1
+5 11 2 7 1 0 2 1 0 2
-7 1 0 1
-1 1 0 1 1 0 0 1
+8 7 1
+3 3 2
+9 4 0 1
+7 3 2 0 1 0 0 1
+1 1
-13 3
+12 1 0 1 0 0 1 0 0 1
cfi=(20)
cfn=(74)
calls=1 116 
* 12 3 2
* 1 0 1
+55 2 0 1
-22 6 2 1 1 0 0 1
-32 2
+32 24 8
-32 16
+3 16 8
+4 48 32 8 1 0 0 1
cfi=(20)
cfn=(74)
calls=8 116 
* 101 22 14
* 32 16 8
cfi=(20)
cfn=(74)
calls=8 116 
* 96 24 16
+3 16 0 8
+3 24 8
+3 72 40 16 1 0 1 1 0 1
cfn=(118)
calls=8 1598 
* 440 88 96 1 0 2 1 0 2
* 8
+2 40 24
+2 16
+89 9 7 0 1 0 0 1
-24 7 1 0 1 0 0 1
+7 1 0 1
-2 1 0 1
+2 3 2 0 1 0 0 1
+3 3 1
-13 2
-57 16 8 0 1 0 0 1
+1 64 32
+6 16 16 0 1 0 0 1
+2 16 8
-2 16 0 8 1 0 0 1
+2 16 0 8
cfi=(49)
cfn=(152)
calls=8 34 
* 101 8 7 1 0 0 1
* 8
+3 8
-3 8
+1 1 1
+2 1
-2 1
+2 7 0 1
-37 2
+37 7 0 7
-37 14 0 0 1 0 0 1

fl=(17)
fn=(38)
59 36 0 21 1 0 2 1 0 2
+1 3
-1 3 0 3
+1 6 0 6 1 0 1 1 0 1
cfi=(13)
cfn=(28)
calls=3 +19 
* 66 9 0 0 1 0 0 1
+6 3 3
-6 6
+6 3
+7 3
-7 3
-6 3 0 3
+6 9
+2 6
+5 9 0 6 1 0 0 1
cfi=(19)
cfn=(42)
calls=3 +19 
* 147 23 20 8 0 0 8
* 3 3 0 1 0 0 1
+3 3
-3 3
+3 3
+4 3 3
+5 3 3
-6 3 0 3 0 0 2 0 0 2
+6 3 3
-5 3
+5 3
-5 3 0 3 0 0 3 0 0 3
+4 3
+1 6 0 3
-1 3 0 3 1 0 1 1 0 1
+1 3 0 3
cfi=(20)
cfn=(48)
calls=3 +44 
* 41 10 7 1 0 4 1 0 4
+10 3 3
-10 3 3
+10 3 3
-10 3 0 3 0 0 2 0 0 2
+10 3
-8 3 0 3
+8 6
+1 3
-1 3 0 3 0 0 1 0 0 1
+1 9 3 0 0 3 0 0 3
+3 3 3 0 1 0 0 1
-3 3 0 3
+3 3
+9 3
-7 3 0 3 0 0 1 0 0 1
+4 3 0 3
+3 8
+2 2 0 1 1 0 1 1 0 1
-2 2
+2 30 0 15 0 0 3 0 0 3
-2 30
+18 6
-6 3
+1 3 0 3 0 0 3 0 0 3
+5 3
-6 3 0 3 0 0 1 0 0 1
+6 9 3 0 1 0 0 1
+2 2
+3 2
-3 4 0 2 0 0 1 0 0 1
+3 2
+4 6 2
+4 5
+8 1 0 1 1 0 0 1
+3 1
+3 2 0 1
-3 1 0 1
+3 1
-3 2
+3 4 0 2
-3 2 0 2
+3 2
+2 2 2
+21 2
-21 2 0 2
cfi=(13)
cfn=(28)
calls=2 -76 
* 68 10
+4 2 2
-4 4 0 2
+17 2
-13 6 0 0 1 0 0 1
+64 2 0 2
+4 27 21 0 1 0 0 1
100 8 2 3 1 0 3 1 0 3
+39 6
+70 6 2 2
cfi=(20)
cfn=(74)
calls=2 -93 
* 32 8 6
* 42
+6 40 40
-1 40
+1 42 2
-1 2
+1 6
+5 4 0 2
-96 1 0 0 1 0 0 1
+7 4 0 0 1 0 0 1
+32 4 0 2
cfi=(19)
cfn=(46)
calls=2 50 
* 36 6 6
* 2 2
+1 2
-1 4
+1 2

fn=(50)
31 6 0 6 1 0 0 1
+2 3
-2 9 0 3
+2 6 3 3
cfi=(2)
cfn=(52)
calls=3 784 
* 6 3 3 1 0 1 1 0 1
+2 22 3
+3 15 5
+2 2 0 2
+2 2 0 2
+4 2
+4 2
-4 4 0 2
+1 2 2
+4 4 4
-4 2 0 2
+1 2
+3 2 2
-3 2 0 2
+2 2 2
cfi=(2)
cfn=(54)
calls=2 790 
* 4 2 2
-4 1 0 0 1 0 0 1
+4 1
-4 2 0 1
+1 1 1
+4 2 2
-4 1 0 1
+1 1
+3 1 1
-3 1 0 1
+2 1 1
cfi=(2)
cfn=(54)
calls=1 790 
* 2 1 1
-5 2 0 1

fl=(31)
fn=(92)
49 8 0 0 1 0 0 1
+5 6
+5 2 0 0 1 0 0 1
-1 1 0 1
+1 2 1
+1 2 0 1
-1 1 0 1
+5 1 1
-14 4 4 0 1 0 0 1
+4 8 4
+4 1
-1 1 0 1
+1 4 3

fn=(96)
74 2 2

fl=(6)
fn=(188)
790 1250 0 750 2 0 3 2
555 125 125 0 0 77 0 0 73
790 500 125 375 0 0 3
555 375
-1 250
+2 125
-1 125
+1 375 0 0 1 0 0 1
-1 375 125 0 0 1 0 0 1
+1 1464
-1 1464
+1 4392
-1 4517 1464 0 0 13 0 0 11
793 125
-1 125
+4 125 0 125 0 0 2
+4 125
-8 125 0 125 0 0 3 0 0 1
+1 125 0 125
+7 482 241 0 1 0 0 1
+5 375 125 0 0 3
+6 375 125
-7 1375 250 500 1 0 0 1
+15 32
-8 48 16
+2 1625 625 875 1 0 3 1
cfn=(190) do_lookup_x
calls=125 338 
* 50263 15895 4327 43 415 12 43 276 2
+3 609 117
+25 250 125 0 1 0 0 1
+24 819 234
+31 117
+9 468 117
+14 351 117 0 1 3 0 1
+3 468 234
+5 117 0 117
+2 1141 875
-86 48 8 0 1 0 0 1
+17 8 0 8 1 0 0 1
+1 16
+59 2 0 1 1 0 0 1

fn=(10)
939 12 4 0 1 0 0 1
+4 4 4
+4 8 4 4 0 4 1 0 4 1
+2 4 4 0 0 1 0 0 1
-1 4 4
+3 12
+1 4 0 4
+1 4 0 0 1 0 0 1
+3 4
-3 4 4
+7 4
-4 4
-1 4 0 4
+3 4 0 4
+2 4
-7 4 0 4
+7 4 0 4
+1 4 4

fn=(190)
338 875 0 750 1 0 3 1
+1 125 125 0 0 2
-1 750 125 625 0 0 6 0 0 1
+6 250 125
+12 125 125 0 1 0 0 1
+30 125
-41 125 125
+41 125 0 125
+35 250
-65 625 0 125
+14 1143 381 0 0 6
+8 762 762 0 1 14 0 1
+1 1143 762 381 0 3
+3 381 381
+1 762
+4 762 762
+3 762 762
-5 381 381 0 0 52 0 0 33
+5 1143 0 0 1 0 0 1
+3 2667
-99 264
540 1908 724
+1 267 0 178 0 0 2
cfi=(36)
cfn=(116)
calls=89 282 
* 6675 1869 356 0 17 1 0 0 1
* 356 89
+3 801
349 768 768 0 1 11 0 1
+3 768 384
+4 786 9 0 1 0 0 1
+4 762 381 0 0 7
+4 762 381 0 0 2
fi=(55)
102 351 117 0 1 0 0 1
fe=(6)
503 234
+3 856 117 0 1 0 0 1
-60 12 6
+64 60 20 0 0 1
+12 702 351 351 1 0 0 1
+2 117
+24 1000 875
-1 16
397 369 0 0 1 0 0 1
-1 246 246 0 0 63 0 0 55
+2 246
+2 123 123
90 369 0 246 1 0 0 1
375 123 0 123
90 123
374 123 0 123
90 123 0 123
400 246 0 123
90 246 0 123
413 393
-10 1240 496 0 1 85 0 1 77
+2 468 117
+2 234
-1 351 117 0 0 44 0 0 39
78 819 351 0 1 12 0 1 11
+12 585 0 117
+3 509 282 110
cfi=(21)
cfn=(56)
calls=55 +51 
* 2222 416 0 21 56 0 21 48
* 165 55
+5 117 117 0 1 0 0 1
-1 117 117
+1 117
+2 232
+19 116 116 0 0 22 0 0 13
+1 1044 464 0 1 7 0 1
452 1170 585 0 1 0 0 1
148 2 0 0 1 0 0 1
+2 5 2
+30 42 24 0 2 0 0 2
-59 580 232 348 1 1 0 1
cfi=(21)
cfn=(56)
calls=116 +23 
* 6072 896 0 2 10 0 2
* 580 232

fl=(37)
fn=(120)
39 11 0 0 1 0 0 1
fi=(38) /build/glibc-OTsEL5/glibc-2.27/io/../sysdeps/unix/sysv/linux/open64.c
-3 11 0 11 0 0 1 0 0 1
+3 66 0 0 1 0 0 1
+8 77
+2 3 3
-2 24 0 8 1 0 0 1
+2 8 8
fe=(37)

fl=(30)
fn=(86)
40 12 0 6 1 0 0 1
+1 3 0 3
cfi=(13)
cfn=(28)
calls=3 +38 
* 84 12 0 1 0 0 1
* 3
+1 6 0 3
cfi=(19)
cfn=(46)
calls=3 +8 
* 54 9 9
* 3 3
+2 6
+4 3
-1 6
+1 6 6
-1 6
cfi=(20)
cfn=(48)
calls=3 +82 
* 38 11 8 0 0 2 0 0 2

fl=(39)
fn=(124)
27 8 0 0 1 0 0 1
+1 2 2

fl=(20)
fn=(74)
116 26 0 0 1 0 0 1
+1 26
+1 26
+13 26
+1 26
+1 4
+1 4
+5 3 3 0 0 1
+1 3 3
+1 3 0 3 0 0 1 0 0 1
+1 3 0 3
+5 3 3
267 22
+1 22
+1 8
+1 8
+1 3
+1 3
+1 1
+4 1 1
+22 14 14
+1 14 14
+1 14 0 14 0 0 1 0 0 1
+1 14 0 14
+1 14 14
+3 5 5
+1 5 5
+1 5 0 5
+1 5 0 5
+1 5 5
+3 2 2 0 1 1 0 1 1
+1 2 2
+1 2 0 2 0 0 1 0 0 1
+1 2 0 2
+1 2 2
+10 1
+1 1
+1 1
+1 1
+22 1 1
+1 1 1
+1 1 1
+1 1 1
+1 1 0 1
+1 1 0 1
+1 1 0 1
+1 1 0 1
+2 1 1

fn=(48)
129 17 0 0 1 0 0 1
+2 17
+1 17
+1 8
+1 8
+5 5 5
+1 5 5
+1 5 0 5 0 0 2 0 0 2
+1 5 0 5
+5 5 5
267 9
+1 9
+1 1
+1 1
+1 1
+1 1
+1 1
+1 1 1
+1 1 0 1 0 0 1 0 0 1
+2 1 1
+22 8 8 0 0 1 0 0 1
+1 8 8
+1 8 0 8 0 0 2 0 0 2
+1 8 0 8
+1 8 8
+24 3
+1 3
+1 3
+1 3
+22 3 3 0 1 0 0 1
+1 3 3 0 1 0 0 1
+1 3 3
+1 3 3
+1 3 0 3 0 0 2 0 0 2
+1 3 0 3 0 0 1 0 0 1
+1 3 0 3 0 0 2 0 0 2
+1 3 0 3
+2 3 3

fl=(16)
fn=(36)
24 2 0 0 1 0 0 1
+1 2
+1 2
+1 2
+1 2
+1 2
+1 2
+1 2
+3 2
+1 2
+1 1 1
+1 1 1 0 0 1 0 0 1
+1 1
+1 1
+1 1
+1 1
+1 1
+2 2 0 0 1 0 0 1
+1 2
+1 1 1
+1 1 1
+1 1
+1 1
+1 1
+1 1
+1 1
+2 2
+1 2
+1 2 2 0 1 0 0 1
+1 2 2 0 0 1 0 0 1
+1 2
+1 2
+1 1
+1 1
+1 1
+2 1
+1 1
+1 1 1
+1 1 1
+1 1
+1 1
+29 2 0 0 1 0 0 1
+1 2
+15 2 0 0 1 0 0 1
+1 2 2

fl=(13)
fn=(28)
79 14 0 0 1 0 0 1
+1 14
+1 14
+1 14
+1 14 0 0 1 0 0 1
+1 14
+1 14
+2 14
+2 14
+31 14 14 0 0 3 0 0 3
+1 14
+1 14
+1 14
+1 14
+1 8
+2 8 8
+4 6
+1 6 6
+1 6 6 0 0 1 0 0 1
+1 6 6
+1 6 0 0 1 0 0 1
+1 6
+1 6
+1 6
+1 6
+1 6
+1 6
+1 6
+5 48 6

fl=(14) /build/glibc-OTsEL5/glibc-2.27/elf/../misc/sbrk.c
fn=(30) sbrk
32 4 0 2 1 0 0 1
+8 6 2
+4 2 0 0 1 0 0 1
+16 5 3

fl=(11)
fn=(62)
45 4 0 3 1 0 0 1
+2 3 1
+85 5 4
-45 3 0 1 1 0 1 1 0 1
cfi=(23)
cfn=(64)
calls=1 -9 
* 5 1 0 1 0 0 1
* 1
+15 1
-15 1 0 0 1 0 0 1
+20 1
-1 1
+3 12 3 0 0 1 0 0 1
+4 3 3
-2 6
+2 10
+2 1
+1 2
-3 4 1
+7 3 0 0 1 0 0 1
-1 3
+4 3
-2 3
+2 10
+5 2

fl=(32)
fn=(94)
113 2 1 0 1 0 0 1
+1 2 2 0 0 1 0 0 1

fn=(178)
332 1 0 1 1 0 0 1
+2 1 1
-2 2 0 2
+13 1 1
+1 2 0 1
cfi=(19)
cfn=(46)
calls=1 50 
* 18 3 3
* 1 1
+1 3
+8 2
-69 1 0 0 1 0 0 1
+69 2
+1 1
+4 297 0 289 1 0 36 1 0 36
+19 1 0 1 0 0 1 0 0 1
-94 2 1
+1 2 0 1
cfi=(19)
cfn=(42)
calls=1 92 
* 27 4 3
* 1 1
+1 2
+3 1 0 1 0 0 1 0 0 1
+6 2 0 1
+89 5 4

fn=(280)
437 8 0 6 1 0 0 1
+1 1
-1 1 0 1
+1 1
+4 1 1 0 1 0 0 1
+6 2 2 0 0 1
-6 1 0 1
+6 1
+12 1 1
-15 1
+39 1
-24 1 0 1
-16 2
+21 9 2 1 1 1 0 1
+6 15 0 1
+3 1 1 0 1 1 0 1
+1 2
+6 3 2
+3 1 1
-2 1
+6 1 1
-6 1
+2 1 0 0 1 0 0 1
+4 1
-4 2 1
+3 1
-3 1 0 1
+1 1 0 1
+2 1
+4 2
+1 4 2 0 1 1 0 1
+2 2
+1 2 1
+12 1 1
-3 1 0 1
+3 2 0 1
cfi=(20)
cfn=(74)
calls=1 116 
* 12 3 2 0 1 1 0 0 1
* 5 0 1
cfi=(28)
cfn=(76)
calls=1 109 
* 33 1 12 0 0 2 0 0 2
* 7 5 0 1 0 0 1
-42 2
+52 1 0 0 1 0 0 1
+4 3 2 1
+3 8 7 0 1 0 0 1

fn=(162)
51 4 2 0 1 0 0 1
+48 1 0 1
+4 1 1

fn=(278)
887 4 0 3 1 0 0 1
+9 1 1 0 0 1
-3 2 1 0 1 0 0 1
+8 7 2
+41 1 0 1 0 0 1
+1 1 0 1 1 0 0 1
+1 4 4

fn=(176)
141 1 1 0 1 0 0 1
-6 5 0 5
+6 2 0 0 1 0 0 1
+3 2 1
+36 3 1
+2 4 1
-2 1
-2 1
-40 1
-1 1
-1 2 0 0 1 0 0 1
+69 2
+3 2
-3 5
+2 2
+10 1 0 1
-37 2 1 0 0 1 0 0 1
+25 1
-25 2
+5 1 1 0 1 0 0 1
-1 1 1
+5 2 1
-4 1
-1 2
+3 2
+2 3 0 0 1 0 0 1
-9 5 0 0 1 0 0 1
+93 1 1
-53 1 0 1
+1 1 0 1
+52 1 1
-1 1 0 1
+1 4 4

fl=(104)
fn=(390)
66 4 0 2 1
+6 4
-6 2
+3 4 4 0 1 2 0 1
+3 6 4 0 0 4
-4 2 2
+5 2 2 0 0 1
+2 2 2
-2 10 2 0 0 1
+2 2 2
-2 2 0 2
+2 2
+5 4 0 0 1 0 0 1
+4 4 2 0 0 2
+4 2 2 0 0 1
+7 2
-7 4
+4 4 4 0 0 3
+1 8 2 0 0 1
+2 8 2 0 1 1 0 1
+7 4 2 0 0 1
-1 2
+1 2
+10 18 4 6 1 2 0 1
cfi=(6)
cfn=(188)
calls=2 790 
* 1847 507 150 0 50 17 0 5
* 2
+4 10 6
+10 14 4
+16 2 2
-8 2 2
+8 6
+4 6 2 0 1 1 0 1
fi=(5)
+96 2 0 2
fe=(104)
-92 6 4

fl=(7)
fn=(12)
88 8 0 6 1 0 1 1 0 1
+25 1 1
-1 1 0 1
+1 157 50 3 1 7 2 1 7 2
+6 1 1 0 0 1 0 0 1
-3 1
+1 1 0 1 1 0 0 1
-4 1 0 1 0 0 1 0 0 1
+3 1 0 1
+3 4 2 0 0 1 0 0 1
+1 2 1
-1 12 1 7 1 0 1 1 0 1
-29 1
-1 10 4 5 1 1 0 1 1
+30 2
+1 108 17 0 0 3 0 0 3
+3 1 1
-4 74 20 6 4 2 0 4 2
+62 1 1 0 1 0 0 1
-62 1
+63 1 0 1
-1 1 0 1
-62 3 1 0 0 1 0 0 1
+34 1 1 0 1 0 0 1
-34 2 1
+35 1
-35 2
+46 1 1
-46 1
+47 1 0 1
-1 1 0 1
-46 3 1 0 0 1 0 0 1
+40 1 1 0 1 0 0 1
-40 1
+41 1 0 1
-1 1 0 1 1 0 0 1
-40 3 1
+37 1 1
-37 2 1
+38 1
-38 3
+13 1 1
-13 2 1
+14 1
-14 2
+10 1 1 0 1 0 0 1
-10 2 1
+11 1
-11 2
+7 1 1 0 1 0 0 1
-7 4 1
224 1 0 1
cfi=(9)
cfn=(16)
calls=1 +65 
* 19219 3919 8 7 36 2 7 36 2
fi=(11)
35 2 0 1
cfi=(12)
cfn=(22)
calls=1 -4 
* 11 1 1 1 0 1 1 0 1
fi=(8)
196 1
-12 1 0 1
+1 1 0 1 1 0 0 1
+11 1
+3 1
-3 1 0 1
+3 5
366 3 1 0 1 0 0 1
+1 1 0 1
+3 2
+1 1 0 1
+6 1 0 1
+5 2 0 0 1 0 0 1
-3 1 0 1
+3 1
-4 1 0 1
+4 1 0 1
cfi=(9)
cfn=(26)
calls=1 -9 
* 16 4 1 2 0 0 2
+2 4 0 1
cfi=(9)
cfn=(26)
calls=1 -11 
* 18 4 1
* 1 1
+2 3
-2 1 0 1
+2 1 0 1
cfi=(9)
cfn=(26)
calls=1 -13 
* 18 4 1
* 1 1 0 1 0 0 1
+2 3
-2 1 0 1
+2 1 0 1
cfi=(9)
cfn=(26)
calls=1 -15 
* 18 4 1
+12 1 1
-12 1 1
+11 1 0 1
-11 1 0 1
+12 1
fe=(7)
236 1 0 1 1 0 0 1
cfi=(13)
cfn=(28)
calls=1 79 
* 16 2 0 2 1 0 2 1
* 1 0 1
+2 2 0 1
cfi=(14)
cfn=(30)
calls=1 32 
* 17 5 2 2 0 0 2
* 3
+12 3 1
+3 5 1 1 1 0 0 1
cfi=(2)
cfn=(32)
calls=1 870 
* 122068 32048 12375 624 1347 499 623 1165 475
+1 1 1 0 1 1
+1 8 7 0 0 1
fi=(8)
404 3 1 0 1 0 0 1
+28 2 0 1
-9 3 0 0 1 0 0 1
+2 4 1 0 1 0 0 1
+3 4 1
+1 2
205 6 0 1 2 0 0 2
cfn=(24)
calls=1 34 
* 87 8 18 8 1 0 8 1
+3 3 1
+97 4
+7 4
203 1
312 4 1 1
210 5 4 1 1 0 0 1
+1 7 1 0 0 1 0 0 1
+85 3 0 1
-79 2 0 1 1 0 0 1
fe=(7)

fn=(282)
260 1 1 0 1 0 0 1

ob=(2)
fl=(18)
fn=(88)
0 1 1 0 1 0 0 1
cob=(1)
cfi=(19)
cfn=(90)
calls=1 111 
0 4 2

fn=(422)
0 3 3 0 1 1 0 1
cob=(3)
cfi=(99)
cfn=(404)
calls=3 3028 
0 632 100 88 2 0 7 2 0 3

fn=(336) 0x0000000000108e98
0 6 2 0 1

fn=(292)
0 6 2 0 1

ob=(5)
fl=(88)
fn=(340) 0x0000000000001f40
0 17 3 2 3 0 0 3

fn=(326)
0 11 2 3 1 0 0 1
cob=(3)
cfi=(89)
cfn=(328)
calls=1 137 
0 68187 16205 1440 308 1255 113 303 868 60

fn=(334)
0 15 0 7 2 0 0 2
cob=(2)
cfi=(18)
cfn=(336)
calls=1 0 
0 6 2 0 1
0 8 1 1 0 1
cfn=(340)
calls=1 0 
0 17 3 2 3 0 0 3
0 11 7 0 1 0 0 1

fl=(94)
fn=(468) read_trace.constprop.2
560 11 1 7 1 0 0 1
+11 2 1
+6 2 0 1 1 0 0 1
cob=(3)
cfi=(99)
cfn=(404)
calls=1 3028 
* 219 35 29 0 0 3
* 1 1 0 1 0 0 1
* 3
fi=(119) /usr/include/x86_64-linux-gnu/bits/string_fortified.h
90 7 0 2 1 0 0 1
cob=(3)
cfi=(120)
cfn=(476)
calls=1 -62 
* 56 11 7 2 0 0 2
* 1 1
+38 4 0 1
cob=(3)
cfi=(121)
cfn=(480)
calls=1 27 
* 53 11 6 2 0 0 2
* 1 1
fe=(94)
583 3 0 1
cob=(3)
cfi=(122)
cfn=(484)
calls=1 88 
* 463 77 114 29 3 8 29 2 7
* 1 1

fn=(352)
151 2 0 2 1 0 0 1
+3 1
-3 2 0 2
+12 1
-12 2 0 2
+25 1
-25 2
+11 1
-11 4 1 1 1 0 0 1
+6 1 0 1
+8 1 0 1 0 0 1
-1 1 0 1
-9 1 0 1 0 0 1 0 0 1
+20 4 0 1 1 0 0 1
cob=(3)
cfi=(95)
cfn=(356)
calls=1 735 
* 537 172 41 31 39 5 31 4 2
* 1 1 0 1 0 0 1
* 16 0 4
cob=(3)
cfi=(95)
cfn=(356)
calls=4 735 
* 641 207 109 2 7 2 2
* 4 4
* 10
+1 28 4 0 0 3 0 0 2
+36 1 0 1
+1 1
-4 1 0 0 1 0 0 1
+1 1
-28 3 0 1 1 0 0 1
cob=(3)
cfi=(99)
cfn=(374)
calls=1 3130 
* 63409 15119 637 107 1169 80 103 853 44
* 1 1 0 1 0 0 1
* 3
+8 3 1 2 0 1 1
cob=(3)
cfi=(109)
cfn=(420)
calls=1 40 
* 278 47 35 7 4 2 7 0 2
* 1 1 0 1 1 0 1
+1 1 0 1
-1 1 0 1
-9 1 0 1
+11 1
+13 2 0 1 1 0 0 1
+24 2
+2 3 2 0 1 2 0 1 1
fi=(111) /usr/include/x86_64-linux-gnu/bits/stdio2.h
104 4 0 1
cob=(3)
cfi=(112)
cfn=(432)
calls=1 -78 
* 1023 215 178 73 14 7 73 3 1
* 1 1 0 0 1
fe=(94)
236 6 4
+20 2 0 0 1 0 0 1
+7 2 1 0 0 1
+6 2 0 0 1 0 0 1
+1 2 1 0 1 0 0 1
+4 5 1 2
cob=(3)
cfi=(99)
cfn=(466)
calls=1 3379 
* 244 40 37 8 0 1 8 0 1
* 1 1 0 1 1 0 1
+1 1
-1 2 0 1
+1 1
+23 1 0 0 1 0 0 1
-23 2 0 1
+23 2 0 1
-19 3 1 1 1 0 0 1
+1 3 2 1
cfn=(468)
calls=1 560 
* 827 140 168 37 3 11 37 2 7
fi=(111)
104 4 0 1 2 0 0 2
cob=(3)
cfi=(112)
cfn=(432)
calls=1 -78 
* 864 183 150 0 1 1 0 1 1
* 1 1
fe=(94)
243 3 2 0 0 1 0 0 1
+1 3 2

totals: 213472 52872 14156 1069 2722 666 1057 2132 587
