# callgrind format
version: 1
creator: callgrind-3.13.0
pid: 17352
cmd:  ./mdriver -v -c -f /web/classes/Fall-2018/csci2021-010/ha/4/traces//realloc-bal.rep
part: 1


desc: I1 cache: 32768 B, 64 B, 8-way associative
desc: D1 cache: 32768 B, 64 B, 8-way associative
desc: LL cache: 8388608 B, 64 B, 16-way associative

desc: Timerange: Basic block 0 - 2259759851
desc: Trigger: Program termination

positions: line
events: Ir Dr Dw I1mr D1mr D1mw ILmr DLmr DLmw
summary: 781246578 776713919 776563714 0 12157615 12153026


ob=(1) /lib/x86_64-linux-gnu/ld-2.27.so
fl=(1) ???
fn=(0) 0x0000000000001090
cob=(5) /home/vuong067/Downloads/ha4-handout/mdriver
cfi=(88) ???
cfn=(326) _start
calls=0 0 
0 781246578 776713919 776563714 0 12157615 12153026

ob=(5)
fl=(119) /home/vuong067/Downloads/ha4-handout/memlib.c
fn=(564) mem_reset_brk
50 2 1 1 0 1
+1 1 1

fn=(568) mem_sbrk
62 46
-2 23 23 0 0 16
+2 92 23
+5 23 0 23
+2 23 23

fl=(94) /home/vuong067/Downloads/ha4-handout/mdriver.c
fn=(560) fsecs_callgrind
443 10 0 7 2 0 1 2
+1 1
-1 1 1
+1 1 0 1
cfn=(562) eval_mm_speed
calls=1 884 
* 781246574 776713918 776563712 0 12157615 12153026

fn=(352) main
cfn=(560)
calls=0 438 
356 781246578 776713919 776563714 0 12157615 12153026

fn=(562)
884 5 0 4
+3 1 1 0 0 1
+3 1 0 1
cfi=(119)
cfn=(564)
calls=2 50 
* 3 2 1 0 1
+1 1 0 1
cfi=(137) /home/vuong067/Downloads/ha4-handout/mm.c
cfn=(566) mm_init
calls=2 138 
* 225 22 40 0 0 1
* 2
+4 5 1
+1 13921
+13 3480 3480 0 0 217
+1 3480 3480 0 0 218
-1 3480 3480
+1 6960 3480 3480
cfi=(137)
cfn=(584) mm_realloc
calls=8279 282 
* 778976113 776468344 776423766 0 12136430 12137629
* 6958
-15 20880 6960 0 0 3366
+17 13920 6960 6960 0 0 6762
-17 6960
+1 52200 20880 0 0 4026
+21 6958 6958 0 0 217
-22 6958
+23 6958 3479 3479 0 420
cfi=(137)
cfn=(588) mm_free
calls=8280 257 
* 970619 81179 56284 0 3562 937
-23 6958 3479
+6 3481 3481 0 0 435
-2 3481 3481
+2 3481 0 3481
cfi=(137)
cfn=(578) mm_malloc
calls=8282 208 
* 1122123 94771 66215 0 8722 7697
* 6962

fl=(137)
fn=(574) coalesce
449 20940 0 13960
+1 6980
-1 6980
+1 6980 6980
+1 6980 6980
-1 13960
+1 6980
-1 34900 6980 0 0 3545
+1 13960 6980
-1 13960 6980
+4 27920
+8 29085
+10 28820
+14 1153 0 1153
cfn=(582) delete
calls=2748 +64 
* 25585 6845 3999 0 2109 1082
+1 4612 1153 1153
cfn=(582)
calls=2748 +63 
* 24061 5765 3459 0 3 302
+2 17295 5765 0 0 1113
+1 1153 0 1153
+1 6918 2306 1153
+1 3459 1153
+4 11580 6948
-31 106 0 53
cfn=(582)
calls=107 +85 
* 1116 267 160
+2 265 106
+29 53
-28 53 0 53
+1 53 0 53
+27 212 159
-21 4611 0 4611 0 0 14
cfn=(582)
calls=10982 +75 
* 93461 23147 13879 0 1300 929
+2 27666 9222
+1 13833 4611 4611
+1 18444 4611 4611
+1 4611 4611
+16 4611
-16 9222
+16 18444 13833

fn=(576) insert
570 13934 13934
+5 13934 13934 0 0 1121
-5 13934
+81 27868
-1 13932
-1 27864
+2 478248
+2 159416
-1 159416
+2 159416
-1 318832
-2 478248
+2 159416
-2 159416
+2 13932
-1 13932
+2 13932
-1 27864
-2 41796
+2 13932
-2 13932
+5 111456
-79 27868 13934 0 0 1213
+18 1947 0 1947
+1 3894 1947 1947
+2 3894 1947 1947 0 0 386
+2 1947 0 1947
+6 1947 1947
-26 11987 0 11987
+6 11987 0 11987
+1 23974 11987 11987
+70 1864

fn=(572) extend_heap
343 22
-5 22 0 22
+5 66
+3 44 0 22
cfi=(119)
cfn=(568)
calls=45 62 
* 198 66 22 0 16
* 44
+4 22 0 22
+1 22 0 22 0 0 22
+3 22
-2 66 22 22
+2 22 0 22
cfn=(574)
calls=45 +95 
* 1623 388 171 0 0 14
+1 22
-1 22
+1 22 0 22
cfn=(576)
calls=45 570 
* 3529 108 76
+2 66 44

fn=(578)
208 13922 0 6961
+9 13922
+4 13922
+3 13922
651 20883
-1 6961
-1 13922
+2 144096
+2 48032
-1 48032
+2 48032
-1 96064
-2 144096
+2 48032
-2 48032
+2 6961
-1 6961
+2 6961
-1 13922
-2 20883
+2 6961
-2 6961
+5 42024
+1 129
403 258
238 84 0 21
+2 42 0 21
cfn=(572)
calls=43 343 
* 5665 610 410 0 16 35
* 84 21
-11 13922 0 6961
cfn=(580) place
calls=16561 368 
* 1534646 107551 119870 0 816 15576
+20 27844 13922
404 48727 6961
+1 135104 35511 0 0 4675
-2 57163
+9 1390 1390
-5 2780
+1 16660 8330 0 0 3238
+1 23600

fn=(582)
550 13931 13931 0 0 2246
-47 41793 41793 0 0 1978
+48 27862
+4 53762
+2 38850
-51 25900
+8 25900
+2 965 0 965 0 0 515
+1 2895 1930 965 0 0 51
+26 965 0 965
+1 1930 965 965
-1 981 0 981
+1 1962 981 981
-38 1962
+22 1962
+3 38 0 38
+1 152 76 38 0 0 36
+7 1886 0 943 0 0 508
-15 11985 0 11985 0 0 1214
+19 11985 0 11985
+1 23970 11985 11985

fn=(566)
138 1
+4 2 0 1
cfi=(119)
cfn=(568)
calls=2 -80 
* 9 3 1
* 4 0 1
fi=(121) /usr/include/x86_64-linux-gnu/bits/string_fortified.h
-71 27 0 18
fe=(137)
+89 1 0 1
+1 1 0 1
+8 1
-7 1 0 1
-6 1 0 1
+7 1 0 1
+6 1 0 1
cfn=(572)
calls=2 343 
* 169 18 13 0 0 1
* 4
+31 2 1

fn=(584)
282 13920 0 10440
+4 3480
-4 3480
+4 3480 0 3480
cfn=(578)
calls=8279 -78 
* 1579479 79525 68029 0 23 7914
* 6960
+4 3480 3480 0 0 224
fi=(121)
34 10440
fe=(137)
290 3480
fi=(121)
34 10440 0 3480
cob=(3) /lib/x86_64-linux-gnu/libc-2.27.so
cfi=(110) /build/glibc-OTsEL5/glibc-2.27/string/../sysdeps/x86_64/multiarch/memmove-vec-unaligned-erms.S
cfn=(426) __memcpy_avx_unaligned_erms
calls=8279 217 
* 776343391 776287776 776280817 0 12120427 12122580
* 8279 8279 0 0 8038
fe=(137)
294 6958 0 3479
cfn=(588)
calls=8278 -37 
* 966250 80167 54041 0 12396 7135
+2 17395 13916

fn=(588)
257 6958
+5 13916 6958 0 0 5558
+2 6958 0 6958
+1 6958 0 6958 0 0 77
+2 6958 0 6958 0 0 1929
+1 6958 0 6958
+1 6958 0 6958 0 0 3367
cfn=(574)
calls=16558 449 
* 509399 125014 53890 0 8070 2313
+5 6958
-5 13916
cfn=(576)
calls=16558 570 
* 1350932 29374 21645 0 2330 386

fn=(580)
368 41766 0 27844
+1 13922 6961
+2 27844
+16 7 0 7
cfn=(582)
calls=14 550 
* 147 35 21 0 1
+1 21 0 7
+1 7 0 7 0 0 2
+2 6996 35
-19 6954 0 6954 0 0 3355
cfn=(582)
calls=16547 550 
* 147266 35602 21278 0 811 11
+3 20862 0 6954
+1 6954 0 6954 0 0 6838
+2 20862 6954
+1 6954 0 6954
+1 6954 0 6954 0 0 3326
+2 6954 0 6954 0 0 2044
+1 6954 0 6954
+8 34770 27816
-7 6954
cfn=(576)
calls=16547 570 
* 1171498 30148 22028 0 4

fl=(88)
fn=(326)
cob=(3)
cfi=(89) /build/glibc-OTsEL5/glibc-2.27/csu/../csu/libc-start.c
cfn=(328) (below main)
calls=0 137 
0 781246578 776713919 776563714 0 12157615 12153026

ob=(3)
fl=(110)
fn=(426)
217 3480
+2 3480
+1 3480
+1 3480
+1 3480
+12 3452 3452 0 0 3375
+1 3452
+1 3452
+1 3452
+2 2304
+1 2304
+1 2304
+5 2304
+2 3452
+1 776282244 776278793 776278793 0 12113666 12122388
+2 3451 3451 0 0 3367
+70 3480
+1 3480
+5 28
+1 28
+36 28
+1 28
+2 9
+3 9 9
+1 9 9
+1 9 9 0 0 2
+1 9 9 0 0 6
+1 9 9
+2 9
+1 9
+3 9
+1 9
+2 9
+2 9
+2 9
+2 9
+3 9 9
+1 9
+4 156 156
+1 156 156
+1 156 156
+1 156 156
+1 156
+1 156
+1 156 0 156
+1 156 0 156 0 0 1
+1 156 0 156
+1 156 0 156
+1 156
+1 156
+1 156
+2 9 0 9
+1 9 0 9
+1 9 0 9
+1 9 0 9
+2 9 0 9
+1 9
+1 9 9
+5 19 19 0 0 1
+1 19 19
+1 19 19 0 0 1
+1 19 19
+1 19 19
+2 19
+3 19
+1 19
+1 19
+1 19
+2 19
+2 19
+2 19
+3 19 19 0 0 1
+1 19
+4 315 315 0 0 3
+1 315 315 0 0 2
+1 315 315 0 0 3
+1 315 315
+1 315
+1 315
+1 315 0 315 0 0 81
+1 315 0 315 0 0 17
+1 315 0 315 0 0 74
+1 315 0 315 0 0 18
+1 315
+1 315
+1 315
+2 19 0 19
+1 19 0 19 0 0 1
+1 19 0 19
+1 19 0 19
+2 19 0 19
+1 19
+1 19 19

fl=(89)
fn=(328)
cob=(5)
cfi=(94)
cfn=(352)
calls=0 151 
310 781246578 776713919 776563714 0 12157615 12153026

totals: 781251386 776718718 776563720 2 12162293 12153027 2
